2048020	1
1949710	2
2015241	3
2015234	4
2015232	5
2031616	6
1916985	7
1949755	8
1916981	9
1916982	10
1966127	11
2048046	12
1949742	13
1949732	14
2031653	15
1949788	16
1949791	17
1966172	18
2015325	19
1949785	20
2048091	21
2015323	22
2031706	23
1949787	24
2031705	25
2048089	26
2031704	27
2015314	28
2031697	29
2048080	30
1949773	31
2048077	32
1949774	33
2031692	34
2048075	35
2048065	36
2031680	37
2015356	38
2015357	39
2015355	40
2031737	41
1949812	42
1949808	43
2048112	44
1949804	45
2048107	46
2064488	47
1949797	48
1966180	49
2048101	50
1966179	51
1966176	52
2048097	53
1949794	54
2064542	55
2064540	56
2015383	57
2048150	58
1949846	59
1949836	60
2048142	61
2048139	62
2048138	63
1949829	64
1949828	65
2015367	66
2048134	67
1949831	68
1949824	69
1966211	70
2015422	71
2064571	72
1949882	73
2015417	74
1949877	75
2048182	76
2064564	77
1949875	78
2064556	79
2064553	80
2064549	81
1966242	82
1966243	83
2064545	84
2064607	85
2048222	86
2064606	87
1966300	88
2048221	89
1966301	90
1966296	91
2031832	92
2048213	93
1966293	94
2031828	95
2048210	96
2048208	97
2015438	98
1966287	99
2015436	100
2015437	101
2015435	102
2031818	103
2031817	104
1949893	105
2048199	106
2064581	107
1966274	108
2048195	109
1949891	110
2015424	111
2064577	112
2048192	113
2064576	114
2031871	115
2031870	116
2048249	117
1949940	118
2031862	119
2048236	120
1949929	121
2031849	122
2048233	123
1966313	124
1949927	125
2048227	126
1966305	127
2064669	128
2064665	129
1949974	130
1949964	131
2064654	132
2031881	133
2048265	134
1949962	135
2048263	136
1966340	137
2031875	138
1949952	139
1966339	140
2064703	141
1966390	142
2064695	143
1966388	144
1966389	145
1966386	146
1966387	147
2064688	148
1949996	149
1966380	150
2064682	151
2031907	152
2064674	153
2064673	154
1949986	155
1966369	156
1950044	157
2064734	158
1950047	159
2064733	160
2064726	161
2064716	162
2064714	163
2064712	164
2064709	165
1950077	166
2015615	167
1950079	168
1950078	169
2015613	170
2064761	171
2064759	172
1950068	173
2064758	174
1950065	175
2064743	176
2015645	177
2015632	178
1950093	179
1950092	180
1950094	181
1950089	182
2064779	183
2015627	184
2064778	185
2015623	186
2064773	187
1950086	188
2015621	189
1950083	190
2015658	191
2015652	192
2015650	193
1950114	194
2015649	195
1950173	196
1950170	197
2032127	198
2032126	199
1950201	200
1999355	201
1999350	202
1950196	203
2032117	204
1950194	205
2015724	206
1950226	207
1950220	208
1950223	209
1999372	210
2015756	211
1950222	212
1999373	213
2015754	214
1999371	215
1950219	216
1999368	217
2015750	218
2015751	219
1999361	220
2015804	221
2015778	222
2015779	223
2032222	224
2032221	225
1950274	226
2032235	227
2015846	228
2048701	229
1999580	230
1999581	231
1999559	232
1966975	233
1966972	234
2032525	235
1966989	236
1966986	237
2032516	238
1966979	239
1967039	240
1967025	241
1967020	242
1967011	243
2032604	244
2032602	245
1967060	246
1967051	247
2032584	248
2032580	249
1967043	250
2032636	251
2032630	252
1967088	253
2032625	254
1967086	255
2032617	256
2032616	257
1967077	258
2049055	259
2032668	260
2049046	261
2032660	262
2049043	263
2049040	264
2032653	265
2049029	266
2049028	267
2049027	268
2049074	269
2032676	270
2049094	271
2049088	272
2049147	273
2049145	274
2049142	275
2049140	276
2049123	277
2049170	278
2049166	279
2032831	280
2032829	281
2049206	282
2049205	283
2049202	284
1934557	285
2032860	286
1934555	287
2032855	288
1934551	289
2032848	290
2032840	291
2032839	292
2049218	293
2032893	294
1934590	295
2032892	296
1934577	297
1934576	298
1934568	299
2049257	300
1934564	301
1934619	302
1934618	303
1934615	304
1934609	305
1934608	306
2032913	307
2032903	308
2032900	309
2032897	310
1967421	311
2049338	312
1967414	313
1934641	314
2049329	315
2032944	316
2049328	317
2049320	318
2049317	319
2049314	320
2049312	321
2032990	322
1934687	323
2032988	324
2032983	325
2032982	326
2032976	327
1934667	328
2032969	329
2032962	330
2033023	331
2049406	332
1967484	333
1967483	334
2049391	335
2049388	336
1934696	337
2033002	338
1934689	339
2033050	340
1967512	341
2033044	342
2033038	343
2033037	344
2033034	345
2033033	346
2049417	347
2033032	348
2033031	349
2049415	350
2033026	351
2049410	352
2033024	353
2033085	354
1967545	355
2033078	356
1967541	357
1967536	358
1967535	359
2033064	360
2033060	361
1967523	362
1967521	363
2033104	364
2033099	365
2033095	366
1967556	367
2033092	368
1967555	369
2033089	370
1918461	371
1967615	372
2049523	373
2033137	374
1967596	375
1967593	376
2033126	377
2033123	378
2049567	379
2049566	380
1918495	381
1967629	382
1918473	383
1918471	384
2033154	385
1918467	386
2049599	387
2033210	388
2033209	389
1967671	390
2033203	391
1967667	392
2033202	393
1918499	394
1967648	395
2033242	396
2033241	397
2033239	398
2049623	399
2033228	400
1967686	401
2049607	402
1967687	403
1967685	404
2033277	405
2033272	406
2033270	407
1967717	408
2033251	409
1967713	410
2049694	411
1918617	412
2049687	413
1918615	414
2049685	415
1918608	416
2033294	417
1967754	418
1918600	419
2033290	420
1918602	421
1918597	422
2033283	423
2049665	424
2033280	425
2033339	426
2049720	427
1967798	428
2033335	429
1967788	430
1967780	431
2033317	432
1967776	433
1967838	434
2049759	435
2033371	436
2033355	437
2033353	438
2049735	439
2049731	440
1967811	441
2033346	442
1967863	443
1967850	444
2049771	445
2049770	446
2033379	447
2033378	448
1967840	449
1967841	450
1918749	451
1918741	452
1918742	453
1918738	454
1967881	455
2033471	456
1918777	457
2033467	458
2033463	459
1918761	460
1918762	461
1918759	462
1967966	463
2033498	464
2049879	465
2033492	466
2049876	467
2033491	468
2049874	469
2033489	470
2033486	471
2033483	472
2033482	473
1918843	474
1918837	475
2033516	476
1967978	477
1967977	478
1967973	479
1918861	480
1918863	481
2033549	482
1918851	483
1918904	484
1918902	485
2033584	486
1968046	487
1968038	488
1918884	489
2033623	490
1968084	491
2033621	492
1968085	493
2050003	494
1918926	495
1918921	496
2066379	497
2066377	498
2033607	499
2033606	500
2033601	501
1918973	502
1918968	503
2066425	504
1918970	505
2066422	506
2066421	507
1918966	508
2066420	509
1918961	510
2050034	511
1951731	512
2066413	513
1951720	514
2066408	515
1951775	516
1951769	517
1918997	518
2050070	519
1918993	520
2050067	521
1951753	522
2050059	523
1951754	524
2066440	525
1918977	526
1918979	527
2066433	528
1918978	529
2033720	530
2000948	531
1951785	532
1951787	533
1951778	534
2033757	535
2050135	536
2000980	537
2050132	538
1968208	539
1968206	540
1968204	541
2050125	542
1968202	543
1968200	544
1968201	545
2050120	546
2050119	547
1951812	548
2050118	549
2033730	550
2001023	551
2001014	552
1968247	553
1951862	554
1951858	555
2050155	556
1951848	557
2001001	558
2001053	559
2050203	560
2001046	561
1968272	562
1968261	563
2001027	564
2033853	565
2033852	566
2033848	567
1968310	568
1951927	569
2033845	570
1968306	571
2033843	572
1968307	573
1951923	574
2050222	575
1968301	576
1951913	577
2050219	578
1968297	579
1951909	580
1951911	581
2050213	582
1951905	583
2050210	584
1968289	585
2050256	586
2033871	587
2050255	588
2050252	589
2050250	590
1951946	591
2033863	592
2033861	593
2050245	594
2033860	595
2033859	596
2050242	597
1968378	598
2033914	599
2033912	600
1919221	601
1968374	602
1968369	603
2033903	604
1968367	605
1968360	606
1968354	607
1968355	608
1968414	609
1968415	610
2050333	611
1968413	612
1968403	613
2001168	614
2050318	615
2050316	616
1968395	617
2001163	618
1968390	619
2001158	620
1919238	621
1968445	622
1919287	623
1968436	624
2050356	625
2050354	626
1919282	627
1919277	628
1919279	629
2050345	630
1968416	631
1919325	632
1919317	633
2034004	634
2050383	635
2033997	636
2033992	637
2033991	638
1919300	639
2050371	640
1968511	641
2050427	642
1919355	643
1919345	644
1919341	645
2034029	646
1919342	647
2050412	648
2050410	649
2001257	650
2050408	651
1919389	652
1919384	653
2034074	654
1968537	655
2050445	656
1919369	657
2050443	658
2001291	659
2050437	660
2001282	661
2001281	662
2034048	663
1952191	664
2050489	665
1952183	666
2050485	667
2001324	668
2034093	669
2050473	670
2050472	671
2034082	672
2001374	673
1968602	674
2001370	675
1968595	676
1919443	677
2050510	678
2050509	679
2001357	680
2034124	681
2001355	682
1952197	683
1952198	684
1919425	685
1919427	686
1968638	687
2034175	688
2001402	689
1968618	690
2001432	691
2050585	692
2034200	693
2050581	694
2001426	695
1968656	696
1968655	697
2034190	698
1919497	699
1968650	700
1919499	701
2034184	702
2034183	703
1968647	704
2050566	705
1968641	706
2001468	707
1968699	708
2050615	709
2001457	710
2050608	711
1968686	712
2001454	713
2050601	714
1968678	715
2050599	716
1968679	717
2001447	718
1968676	719
2001444	720
1968672	721
1968732	722
2050652	723
1919576	724
2001499	725
2001492	726
1968722	727
2001490	728
2001491	729
1919570	730
2050637	731
1919563	732
1919557	733
1919556	734
1968708	735
1968707	736
1968705	737
2001535	738
2001532	739
1985145	740
2001524	741
1985139	742
1985137	743
2001518	744
1985133	745
1968747	746
1985131	747
1919594	748
1985127	749
1919591	750
2050660	751
1968798	752
2001566	753
2034334	754
1968794	755
2001562	756
1968790	757
2001559	758
1968783	759
2034316	760
1968830	761
1968828	762
2050747	763
2050741	764
2034355	765
1968819	766
1968815	767
1968813	768
2001581	769
2034346	770
2034345	771
1968863	772
1968858	773
2001623	774
1968852	775
2001620	776
2001617	777
1968847	778
2050766	779
1968843	780
1968841	781
1968836	782
1985218	783
2067138	784
1968833	785
1985277	786
1985275	787
2034424	788
1968881	789
2034413	790
1968875	791
2001643	792
1968871	793
1968925	794
1985298	795
1985296	796
1985297	797
1985295	798
2034446	799
1985292	800
2034445	801
2001674	802
2034443	803
1985288	804
1985289	805
2034435	806
1985283	807
1968896	808
2034494	809
2001723	810
1968953	811
2034488	812
1968950	813
2034486	814
2034485	815
1968949	816
2034481	817
1968942	818
1968938	819
2034469	820
1968929	821
2001759	822
2034523	823
1985371	824
2001755	825
2034521	826
1985366	827
2001751	828
1968981	829
2001749	830
2034514	831
1985361	832
1968975	833
2001741	834
1985348	835
2034498	836
1985405	837
1969019	838
2034554	839
1985401	840
1969015	841
1969013	842
2034547	843
1969008	844
2001776	845
2034545	846
2001774	847
2001775	848
2001772	849
2034541	850
2034540	851
2001768	852
2001764	853
1968997	854
2034532	855
1985432	856
2034576	857
1985420	858
1985418	859
1969033	860
2034565	861
2050949	862
1985408	863
2050945	864
1985471	865
2001852	866
1985466	867
1985467	868
2001846	869
2001840	870
2001839	871
1969066	872
2001834	873
1985451	874
1969064	875
1985448	876
1985449	877
2034599	878
1969060	879
2034597	880
1985502	881
2001887	882
2034654	883
1969116	884
1969117	885
2034651	886
1969113	887
2034647	888
1985492	889
2034645	890
2001874	891
1985489	892
2034636	893
1969098	894
2034630	895
2034628	896
1985472	897
1969089	898
1985473	899
2001916	900
2001915	901
2001910	902
2001906	903
2034675	904
2034674	905
1969126	906
1985508	907
1969121	908
2034656	909
1985565	910
1969177	911
1969172	912
2051092	913
2051084	914
1985542	915
1903620	916
1969159	917
1985540	918
2001982	919
2034750	920
2034749	921
2034748	922
2001978	923
2001976	924
2001974	925
2034743	926
2034742	927
2001972	928
2034740	929
1969200	930
2034736	931
1985578	932
1985579	933
2001963	934
2034730	935
2034727	936
2034724	937
1985568	938
2001952	939
2051104	940
2002008	941
1985622	942
1985623	943
1985616	944
2002000	945
1985617	946
1985615	947
2001994	948
2001995	949
1985609	950
1985606	951
1985600	952
2034815	953
2002045	954
2002039	955
2002036	956
1985653	957
1969264	958
2002030	959
2002028	960
1985641	961
2002025	962
2034791	963
2002018	964
1985695	965
2002073	966
1985687	967
2002071	968
1985684	969
1985682	970
2002060	971
2034829	972
1985677	973
2034823	974
1985669	975
2034817	976
1985727	977
1985725	978
2034874	979
2034873	980
1969332	981
1969331	982
2002094	983
2051247	984
2034861	985
2034860	986
1985704	987
2034857	988
2034854	989
1985699	990
2002080	991
2034911	992
2002143	993
2002141	994
1969371	995
2034904	996
2002134	997
2034903	998
2002132	999
1969361	1000
1969348	1001
1969349	1002
1985728	1003
2034880	1004
1985789	1005
1969402	1006
2034939	1007
2034936	1008
1985780	1009
2034933	1010
1985781	1011
2034931	1012
1985779	1013
1969392	1014
2034922	1015
2034920	1016
2002151	1017
2002148	1018
2002149	1019
2034916	1020
2002146	1021
1985823	1022
2051358	1023
1985818	1024
1985819	1025
1985817	1026
1985814	1027
1985809	1028
1985806	1029
2002176	1030
2002238	1031
1985853	1032
1985851	1033
1920308	1034
1985844	1035
2034990	1036
1985836	1037
1920302	1038
1985837	1039
1985835	1040
1985831	1041
2002261	1042
1969490	1043
1969491	1044
2035025	1045
2002255	1046
2035022	1047
1985869	1048
1969483	1049
2035017	1050
2035012	1051
2002242	1052
2002241	1053
1969534	1054
1969535	1055
1985919	1056
1985914	1057
2035067	1058
2067835	1059
2035066	1060
2035065	1061
2067829	1062
2002283	1063
1985894	1064
1985892	1065
1985949	1066
2035100	1067
1969559	1068
1969552	1069
2035087	1070
1969551	1071
2035083	1072
1969543	1073
1969540	1074
2035077	1075
1969541	1076
1985920	1077
2051518	1078
1953214	1079
2051516	1080
1985978	1081
1985979	1082
1985972	1083
2051509	1084
1920438	1085
2051508	1086
2035123	1087
2051507	1088
1953197	1089
2051503	1090
1953196	1091
1985959	1092
1985952	1093
1969569	1094
1969626	1095
2051546	1096
1969625	1097
2051544	1098
1920469	1099
2002389	1100
2051539	1101
2051536	1102
2002382	1103
1920460	1104
2002383	1105
2051533	1106
2051530	1107
2035145	1108
2051529	1109
2035144	1110
2051523	1111
2051521	1112
2067905	1113
1969662	1114
1986047	1115
2002429	1116
1969658	1117
1969659	1118
1986040	1119
1969654	1120
1986038	1121
1969655	1122
1986039	1123
1986036	1124
1969653	1125
1969651	1126
1969649	1127
1986025	1128
1969637	1129
1969635	1130
1986016	1131
1920541	1132
1920538	1133
1969686	1134
1986070	1135
1986067	1136
1969680	1137
1986060	1138
1986058	1139
2035209	1140
2035207	1141
2035206	1142
2035204	1143
2035202	1144
1969664	1145
2002432	1146
2002493	1147
1920565	1148
1986093	1149
2035235	1150
1986081	1151
2035295	1152
1986140	1153
2002524	1154
1920606	1155
1986141	1156
2002520	1157
2002521	1158
1986132	1159
2035282	1160
2002501	1161
2002498	1162
1920638	1163
1920633	1164
2002553	1165
2002548	1166
1969777	1167
2002545	1168
1986157	1169
1920619	1170
2002537	1171
1920671	1172
1969820	1173
1969821	1174
1920665	1175
1986202	1176
1920661	1177
2068119	1178
1969815	1179
2035350	1180
2002580	1181
1969811	1182
1986195	1183
1920659	1184
2035345	1185
1920653	1186
1920652	1187
2002575	1188
1920651	1189
1969801	1190
2002567	1191
1986181	1192
1986178	1193
2002622	1194
2002620	1195
1969853	1196
2035386	1197
1969848	1198
2002617	1199
2002614	1200
1969847	1201
2068150	1202
1969842	1203
1986226	1204
1969838	1205
1986218	1206
1986219	1207
1986216	1208
2002598	1209
2035367	1210
1920676	1211
2035365	1212
1986211	1213
2002642	1214
1969873	1215
2068176	1216
2002638	1217
2002639	1218
2068171	1219
1986248	1220
2002632	1221
2068168	1222
1986244	1223
2002628	1224
2035395	1225
2068222	1226
1969916	1227
2068221	1228
1969914	1229
2002682	1230
2068219	1231
2068217	1232
2002672	1233
1969900	1234
2002668	1235
2002669	1236
1986282	1237
1969896	1238
1986280	1239
1969894	1240
2068195	1241
2035425	1242
2068255	1243
2068251	1244
2002708	1245
2068244	1246
1969938	1247
1969939	1248
2002704	1249
2068240	1250
2002702	1251
1969935	1252
2002700	1253
1969933	1254
1969929	1255
2068229	1256
2068226	1257
1969920	1258
1969921	1259
2068284	1260
2002745	1261
1969971	1262
1969967	1263
1969962	1264
2068266	1265
2068263	1266
2002727	1267
1970015	1268
1970012	1269
2068317	1270
2002774	1271
2002772	1272
2068307	1273
2035537	1274
2068304	1275
1969995	1276
1969992	1277
1969993	1278
1969987	1279
2002755	1280
1953662	1281
2068345	1282
2068343	1283
2068342	1284
1970020	1285
2002786	1286
2002785	1287
1953693	1288
2002844	1289
1970075	1290
2002843	1291
2068378	1292
1953691	1293
2002832	1294
2068365	1295
1953678	1296
1953675	1297
1953668	1298
1953670	1299
2002816	1300
1970049	1301
2002817	1302
1970110	1303
1970104	1304
2052017	1305
2002856	1306
2068392	1307
2002854	1308
2052006	1309
2068389	1310
2002848	1311
2068385	1312
1920991	1313
1970139	1314
1970133	1315
1970129	1316
1970115	1317
1970174	1318
2068479	1319
1970156	1320
1970154	1321
1970144	1322
2035743	1323
1970207	1324
1970202	1325
1970196	1326
1970195	1327
2035725	1328
2068492	1329
1970184	1330
1970182	1331
1970236	1332
1970230	1333
1970229	1334
1970224	1335
2052144	1336
1986606	1337
1970220	1338
1970221	1339
1970219	1340
1970217	1341
2052135	1342
1970210	1343
2052177	1344
1970257	1345
2052174	1346
1970253	1347
1970243	1348
1986686	1349
1970303	1350
1970300	1351
1970301	1352
1986682	1353
1986680	1354
2052216	1355
2003058	1356
1970286	1357
1986667	1358
1970280	1359
1953889	1360
1970274	1361
1953888	1362
1953890	1363
1970335	1364
2003103	1365
1970333	1366
1970330	1367
1970331	1368
1986711	1369
1986709	1370
2003093	1371
1986707	1372
1970320	1373
2003088	1374
1970316	1375
1970317	1376
1970315	1377
1986697	1378
1986694	1379
2003078	1380
2052231	1381
2052229	1382
1970306	1383
1970307	1384
2052226	1385
1953981	1386
1970366	1387
2068671	1388
2003135	1389
1970364	1390
1953977	1391
2003130	1392
1986747	1393
2068666	1394
2003128	1395
2003129	1396
1970358	1397
1986742	1398
2068663	1399
1970359	1400
1986741	1401
2003125	1402
2068660	1403
2003123	1404
2068658	1405
1970350	1406
1970351	1407
2003116	1408
2052269	1409
1986733	1410
2052266	1411
2052265	1412
1970345	1413
2003113	1414
2068648	1415
2052263	1416
1970340	1417
2068645	1418
1986722	1419
2003104	1420
2003165	1421
1986778	1422
2003160	1423
2003158	1424
1970388	1425
2003154	1426
1970384	1427
2003150	1428
2003151	1429
1970380	1430
2003144	1431
1970372	1432
1970370	1433
1986753	1434
1986810	1435
2003195	1436
1986807	1437
1970420	1438
2003187	1439
2003184	1440
2003185	1441
1986798	1442
1954030	1443
1970410	1444
1986794	1445
1970411	1446
2068712	1447
1970406	1448
1986790	1449
1970405	1450
2068708	1451
1970402	1452
2003170	1453
1986787	1454
2003171	1455
2003168	1456
1970401	1457
1986847	1458
2003229	1459
2003226	1460
1954072	1461
2003227	1462
2003222	1463
2003220	1464
2003218	1465
2003214	1466
1970447	1467
1954063	1468
1970444	1469
1970445	1470
2003213	1471
1970442	1472
1970440	1473
1970439	1474
2003207	1475
1970437	1476
2003202	1477
1954048	1478
1970495	1479
1986877	1480
1970490	1481
1970480	1482
1970471	1483
2003237	1484
1986850	1485
2003295	1486
2003292	1487
1954137	1488
1986904	1489
2052440	1490
1970511	1491
2003275	1492
1970503	1493
1986885	1494
1970499	1495
2003320	1496
2003321	1497
2003318	1498
1986932	1499
2003313	1500
2003298	1501
2003299	1502
2052450	1503
1970528	1504
1921436	1505
1921432	1506
1970587	1507
1921434	1508
1970578	1509
1921416	1510
1986950	1511
2003332	1512
1921414	1513
1921410	1514
1970561	1515
1921464	1516
2003387	1517
2003385	1518
2052533	1519
2068915	1520
2068913	1521
1970607	1522
2068909	1523
2068908	1524
1970602	1525
2052523	1526
2052522	1527
1921450	1528
1921445	1529
1954213	1530
2068903	1531
1970599	1532
2068901	1533
2068900	1534
1921441	1535
1921501	1536
1970654	1537
2052572	1538
2003419	1539
2003417	1540
2003412	1541
1987025	1542
2052560	1543
2052559	1544
2003405	1545
1921480	1546
2003403	1547
2052550	1548
2003397	1549
2003394	1550
1970624	1551
1921535	1552
1921531	1553
1921517	1554
2052589	1555
2003430	1556
2052583	1557
2003426	1558
1921506	1559
1921565	1560
1921564	1561
1921560	1562
1921562	1563
1921552	1564
1921551	1565
1921545	1566
1921546	1567
2003465	1568
1921540	1569
1954365	1570
1921596	1571
1921598	1572
1954361	1573
1954359	1574
2003506	1575
1921583	1576
1921582	1577
1921577	1578
1954347	1579
2003497	1580
1921569	1581
1921568	1582
2052702	1583
1954399	1584
1954398	1585
1954392	1586
2003544	1587
1954394	1588
1921617	1589
1921615	1590
1921614	1591
1921608	1592
1921604	1593
1954375	1594
1921606	1595
1921600	1596
1954371	1597
1954370	1598
1921661	1599
1921653	1600
2003574	1601
1954420	1602
2052725	1603
1954422	1604
2052722	1605
1921650	1606
2003566	1607
1921647	1608
1921641	1609
1921640	1610
2052714	1611
2003560	1612
2052713	1613
2052712	1614
2003558	1615
1921639	1616
2003557	1617
2003555	1618
2003553	1619
2052704	1620
1954460	1621
1954459	1622
1954458	1623
1954451	1624
1921682	1625
1921678	1626
1954442	1627
1921670	1628
1954433	1629
1905340	1630
1905342	1631
1905337	1632
1905338	1633
1954481	1634
1954480	1635
1921709	1636
1954479	1637
1921706	1638
1921701	1639
1921700	1640
1921703	1641
1954465	1642
1921696	1643
1954467	1644
1954466	1645
1921756	1646
1921759	1647
1921744	1648
1954555	1649
1921782	1650
1921776	1651
1921778	1652
1921769	1653
1921760	1654
1954588	1655
1954590	1656
1905429	1657
1921815	1658
1921814	1659
1905424	1660
1921805	1661
1905411	1662
1921795	1663
1954620	1664
1971004	1665
1971000	1666
1921845	1667
1970996	1668
1954614	1669
1954610	1670
1921837	1671
1921833	1672
1954601	1673
1954600	1674
1970987	1675
1921835	1676
1921834	1677
1921830	1678
1954594	1679
1921885	1680
1954652	1681
2020189	1682
1921882	1683
1921877	1684
1954644	1685
1921873	1686
1954642	1687
1954629	1688
1954628	1689
1954631	1690
1971013	1691
1921856	1692
2020222	1693
1921918	1694
2020221	1695
2020219	1696
2003830	1697
1921904	1698
1954674	1699
1954671	1700
1921898	1701
1954661	1702
1954660	1703
1954663	1704
1954657	1705
1921888	1706
1954719	1707
2020251	1708
2020245	1709
1921937	1710
1921936	1711
2020239	1712
1921935	1713
1954703	1714
2020237	1715
2003850	1716
2003848	1717
1954689	1718
2003842	1719
1921920	1720
1921923	1721
2020284	1722
1921978	1723
1954741	1724
2020272	1725
2020270	1726
1921961	1727
2020266	1728
1954727	1729
1921958	1730
1954720	1731
2020259	1732
2020318	1733
1922014	1734
2020315	1735
1954779	1736
2003926	1737
1922004	1738
2003925	1739
2003921	1740
2020302	1741
2003919	1742
1954761	1743
2003913	1744
1921989	1745
1954753	1746
2020290	1747
1954815	1748
2053117	1749
1922046	1750
2020349	1751
2020346	1752
1922042	1753
1954810	1754
1954805	1755
2003959	1756
1922038	1757
2020341	1758
2053108	1759
2020338	1760
2053107	1761
2003955	1762
2020339	1763
1922035	1764
1954803	1765
2053105	1766
2053102	1767
1954798	1768
2053099	1769
2053098	1770
1922021	1771
2003939	1772
2003936	1773
2053150	1774
1954846	1775
2053148	1776
1922075	1777
1987608	1778
1987609	1779
1954833	1780
1954834	1781
1954824	1782
1954827	1783
2003976	1784
1954822	1785
1922049	1786
2003971	1787
2004030	1788
1971260	1789
1987644	1790
2053181	1791
1922105	1792
1922107	1793
1954874	1794
2053175	1795
1987636	1796
2004020	1797
2004017	1798
2053168	1799
2004015	1800
2004011	1801
1922091	1802
1971236	1803
1971235	1804
1922083	1805
1922082	1806
1971294	1807
1922140	1808
1971295	1809
1922143	1810
1971290	1811
1922136	1812
1954907	1813
1922133	1814
1922132	1815
1954900	1816
1954903	1817
1971285	1818
1971282	1819
1971283	1820
2004051	1821
2004049	1822
1954892	1823
1971279	1824
2004047	1825
2004044	1826
1922121	1827
2004042	1828
1971275	1829
1922123	1830
1971270	1831
1922116	1832
1922118	1833
1971264	1834
2053185	1835
2004033	1836
1954941	1837
1954942	1838
1971325	1839
2004088	1840
2004089	1841
2004086	1842
1954929	1843
2004082	1844
2004080	1845
2053231	1846
2053230	1847
1922158	1848
1971306	1849
2004074	1850
1954917	1851
1954919	1852
1922150	1853
2004069	1854
1922145	1855
2004067	1856
1971296	1857
2004064	1858
1971358	1859
1971357	1860
1922203	1861
1954964	1862
1971347	1863
1987729	1864
1971338	1865
1971339	1866
2004107	1867
1971334	1868
2004102	1869
2004098	1870
1954944	1871
1971331	1872
1954947	1873
1971329	1874
1971389	1875
1971386	1876
1987762	1877
1971372	1878
1987756	1879
1987757	1880
1971370	1881
1971371	1882
1971366	1883
1922208	1884
1922211	1885
1955037	1886
1987804	1887
1971421	1888
1938650	1889
1971398	1890
1987838	1891
1987821	1892
1971434	1893
1971431	1894
1987815	1895
1938662	1896
1938657	1897
1971426	1898
1987810	1899
1987871	1900
1987869	1901
1987866	1902
1971483	1903
1955099	1904
1971480	1905
1987855	1906
1971459	1907
1971512	1908
1971510	1909
2020661	1910
1987888	1911
1987889	1912
1987880	1913
1987875	1914
2020699	1915
1987920	1916
1987916	1917
1971527	1918
1987908	1919
1987909	1920
2020734	1921
2020732	1922
2053494	1923
1987956	1924
2020723	1925
2020763	1926
2020758	1927
2020757	1928
1987987	1929
1987982	1930
2020742	1931
2020737	1932
1971645	1933
1988027	1934
1988017	1935
1988013	1936
1988011	1937
1988006	1938
2020774	1939
2020771	1940
1971678	1941
1971676	1942
2020829	1943
1988057	1944
2020825	1945
2020822	1946
1988053	1947
2053588	1948
1971667	1949
1988051	1950
1971663	1951
1971659	1952
1971650	1953
1971710	1954
1971702	1955
2020854	1956
2020851	1957
2020847	1958
2020844	1959
1988070	1960
1955303	1961
2020837	1962
2020833	1963
1971738	1964
2004502	1965
1988114	1966
1988115	1967
2004499	1968
1971729	1969
2004493	1970
1971720	1971
1988103	1972
1938945	1973
2004543	1974
2020915	1975
1988140	1976
2020907	1977
1971749	1978
1971747	1979
2020959	1980
2020956	1981
1971796	1982
1939024	1983
1971795	1984
1939026	1985
1971793	1986
2020945	1987
1939021	1988
1971791	1989
2004559	1990
1939017	1991
2020932	1992
2004546	1993
2004547	1994
2020988	1995
2004600	1996
2004601	1997
1988214	1998
2004595	1999
1988206	2000
1988207	2001
1988205	2002
1988199	2003
2020963	2004
1988254	2005
1971869	2006
2053788	2007
2021019	2008
1988248	2009
2004633	2010
2004631	2011
1971856	2012
1988240	2013
1971852	2014
2021002	2015
1971849	2016
2004615	2017
1971845	2018
1971843	2019
2020993	2020
2021052	2021
2004664	2022
1971897	2023
1988281	2024
2004665	2025
1971894	2026
2004663	2027
2004660	2028
1971890	2029
1971889	2030
2004653	2031
2004651	2032
2021031	2033
2004644	2034
2021028	2035
1971877	2036
1971874	2037
2004642	2038
1971875	2039
2004643	2040
1988257	2041
2053792	2042
2004703	2043
2021087	2044
2021085	2045
2004698	2046
1971926	2047
2004694	2048
2004695	2049
1971923	2050
2004691	2051
2004689	2052
2004686	2053
2004684	2054
2004685	2055
2021069	2056
1971914	2057
1971912	2058
2021062	2059
2021063	2060
1971908	2061
2021060	2062
1971906	2063
2004672	2064
1971959	2065
2004727	2066
1971954	2067
1971953	2068
2004721	2069
2004710	2070
1971943	2071
1988325	2072
1971938	2073
1988378	2074
1971995	2075
1988372	2076
1971987	2077
1971985	2078
1988364	2079
2070284	2080
2070283	2081
2070282	2082
1971976	2083
1971975	2084
1971973	2085
1988357	2086
1972031	2087
1988415	2088
1988412	2089
1988413	2090
1988411	2091
2021176	2092
1906490	2093
2021177	2094
1972019	2095
1972016	2096
1972012	2097
2021164	2098
1972009	2099
1988391	2100
2070310	2101
1972002	2102
1972001	2103
1988385	2104
1972062	2105
1972060	2106
1972061	2107
1972058	2108
1972056	2109
1972057	2110
2021205	2111
2021201	2112
1972046	2113
1988430	2114
1972043	2115
1906507	2116
1988425	2117
1906501	2118
1988419	2119
2021185	2120
1972094	2121
1988477	2122
1988472	2123
2021239	2124
1988466	2125
1988467	2126
2021235	2127
1972080	2128
1955693	2129
1972078	2130
1988463	2131
2021231	2132
1988450	2133
2004894	2134
2021278	2135
2004893	2136
2004891	2137
2004889	2138
2021273	2139
1972112	2140
1955724	2141
2021261	2142
1955723	2143
2004872	2144
1972102	2145
1955716	2146
1988487	2147
2021252	2148
2021250	2149
2021251	2150
1955715	2151
1988480	2152
1972097	2153
1972158	2154
2070462	2155
1972156	2156
1988540	2157
2021308	2158
1939385	2159
1939387	2160
2004920	2161
1906618	2162
2021305	2163
1906613	2164
1939381	2165
1972151	2166
2004916	2167
2021300	2168
1939377	2169
2004914	2170
1939376	2171
1939378	2172
2004910	2173
1906604	2174
2021293	2175
1972138	2176
2021289	2177
1972132	2178
1955750	2179
2004899	2180
2004896	2181
1939421	2182
1906652	2183
2021338	2184
1906651	2185
1988569	2186
1906647	2187
1988563	2188
2021331	2189
1939411	2190
1988561	2191
2054096	2192
1955790	2193
1939401	2194
2070475	2195
1972171	2196
1972168	2197
1988550	2198
2021316	2199
1988544	2200
1972220	2201
1939437	2202
2021355	2203
2021350	2204
1939428	2205
2021351	2206
1955815	2207
1988638	2208
2005022	2209
1988634	2210
1988635	2211
2005019	2212
1988630	2213
2021396	2214
2005052	2215
1988667	2216
2021428	2217
2021429	2218
2005042	2219
2005043	2220
1988655	2221
2005039	2222
1972268	2223
1955886	2224
2021419	2225
1955876	2226
1988647	2227
1988642	2228
1988643	2229
1988640	2230
2005077	2231
2005074	2232
2005075	2233
2005070	2234
2005066	2235
2005063	2236
2021447	2237
2005119	2238
2005117	2239
2021496	2240
2021492	2241
1988725	2242
1988722	2243
2021491	2244
1939564	2245
1988719	2246
2005103	2247
1939560	2248
2054303	2249
2054301	2250
1939600	2251
1939602	2252
1939596	2253
1988751	2254
1955973	2255
1955972	2256
2005124	2257
2021508	2258
2021507	2259
2021505	2260
1988797	2261
1988795	2262
1988793	2263
1988781	2264
2021546	2265
1988779	2266
1988776	2267
1988773	2268
2005152	2269
1988769	2270
1988829	2271
2005213	2272
1988819	2273
1988815	2274
1988811	2275
1988807	2276
1988802	2277
1956092	2278
1988860	2279
1988861	2280
2021629	2281
1956089	2282
1956091	2283
2005240	2284
1956090	2285
2021622	2286
1956084	2287
1988855	2288
1988852	2289
1988851	2290
2005235	2291
2005230	2292
2021612	2293
2021611	2294
2005223	2295
1988837	2296
2005221	2297
1988834	2298
1988833	2299
1988894	2300
1939739	2301
2021650	2302
1956111	2303
2021644	2304
1956105	2305
1988870	2306
2021638	2307
1956100	2308
2021637	2309
2021632	2310
1988865	2311
1972540	2312
2005306	2313
1988923	2314
1939771	2315
1972532	2316
2021683	2317
1939762	2318
1988911	2319
2005292	2320
1988906	2321
2005290	2322
2005288	2323
2021672	2324
1956134	2325
1956129	2326
1956128	2327
1988899	2328
1988958	2329
1956191	2330
2005339	2331
1939796	2332
1939799	2333
1956182	2334
1988943	2335
2021711	2336
1972556	2337
1988941	2338
1972552	2339
1939786	2340
1939781	2341
1939780	2342
2021701	2343
1939777	2344
1972544	2345
1972545	2346
2021756	2347
2021752	2348
2021753	2349
1939829	2350
2005367	2351
1956215	2352
2005365	2353
1956208	2354
1939827	2355
1956205	2356
2005357	2357
2005352	2358
2021736	2359
2005353	2360
1956197	2361
1939812	2362
1939809	2363
1939808	2364
2021728	2365
1939810	2366
2005345	2367
1989022	2368
1956252	2369
1939870	2370
2021789	2371
1956249	2372
1989018	2373
1956251	2374
1939861	2375
1956245	2376
1989015	2377
2021778	2378
1956240	2379
1956243	2380
2005392	2381
1939853	2382
1972623	2383
1989007	2384
1989005	2385
2021770	2386
2021771	2387
2005385	2388
2021769	2389
2021767	2390
2005381	2391
1939841	2392
1956225	2393
2005378	2394
1939842	2395
1989054	2396
2021822	2397
2005433	2398
2021817	2399
1956277	2400
2005430	2401
2005431	2402
1972660	2403
1989044	2404
2021813	2405
2005424	2406
1956274	2407
2005425	2408
1972650	2409
1956267	2410
1939882	2411
1956266	2412
2005417	2413
2005414	2414
1989031	2415
1989029	2416
1989084	2417
1989082	2418
1989079	2419
2021847	2420
1989077	2421
1972688	2422
2054609	2423
1956301	2424
2021839	2425
2021836	2426
2054604	2427
1972682	2428
2054603	2429
1972683	2430
2021835	2431
1972678	2432
2021831	2433
1972676	2434
1989061	2435
1939905	2436
1989059	2437
2005443	2438
1989056	2439
1989057	2440
1989118	2441
1956348	2442
1989119	2443
1956347	2444
1956341	2445
1956340	2446
1972724	2447
1972720	2448
1989105	2449
1972718	2450
1972714	2451
1989094	2452
1989093	2453
1956320	2454
1939996	2455
1972767	2456
1989151	2457
1972764	2458
1939992	2459
2021915	2460
1989144	2461
1972761	2462
2021911	2463
1972756	2464
2021908	2465
1939990	2466
1956374	2467
1956371	2468
1956370	2469
1972753	2470
1989134	2471
1989135	2472
1890830	2473
1939983	2474
1890831	2475
1956366	2476
1972749	2477
2021901	2478
2021899	2479
1939979	2480
2021896	2481
1989124	2482
1890816	2483
1989123	2484
2005505	2485
1940029	2486
2005566	2487
1972796	2488
1972795	2489
2005563	2490
2005560	2491
2005561	2492
1940021	2493
2021942	2494
1940020	2495
1956406	2496
1972786	2497
1972787	2498
1940019	2499
1940018	2500
1972785	2501
1972783	2502
2021931	2503
1989160	2504
2021929	2505
2021924	2506
2021925	2507
2021921	2508
1940063	2509
1972829	2510
1956441	2511
2005594	2512
1972827	2513
2005591	2514
1956438	2515
1956432	2516
1956435	2517
2005585	2518
1940047	2519
1956430	2520
2005579	2521
1956420	2522
2005573	2523
1972800	2524
2005568	2525
1940093	2526
1956479	2527
1940094	2528
1956469	2529
1956471	2530
2005620	2531
1972848	2532
2005616	2533
1940082	2534
2005617	2535
2022001	2536
1956461	2537
1972846	2538
1956460	2539
2005615	2540
2005608	2541
2021992	2542
1940069	2543
1972836	2544
1956448	2545
1956451	2546
2005601	2547
2022046	2548
1972895	2549
2022044	2550
2022042	2551
1972889	2552
2005654	2553
2022038	2554
1956500	2555
2022039	2556
2005652	2557
2022036	2558
1956497	2559
1940114	2560
2005646	2561
1956492	2562
2022031	2563
1956488	2564
2005643	2565
2005638	2566
2022022	2567
1940102	2568
1940099	2569
1972926	2570
2005694	2571
2022078	2572
2005692	2573
2005691	2574
1940154	2575
1972921	2576
1972919	2577
1956529	2578
1972914	2579
2022067	2580
1940147	2581
2022064	2582
1940146	2583
1956525	2584
2005678	2585
2022062	2586
1940140	2587
1940142	2588
1940139	2589
1972904	2590
1940132	2591
1956516	2592
1972901	2593
1940131	2594
1956515	2595
1972956	2596
1972955	2597
1972950	2598
1940176	2599
2005715	2600
1940179	2601
1972945	2602
2005713	2603
1940169	2604
1972938	2605
1940171	2606
1972936	2607
1940170	2608
2022089	2609
2005702	2610
1972935	2611
1940167	2612
2005701	2613
1940160	2614
1940162	2615
1989375	2616
2022141	2617
1940216	2618
2022137	2619
2022134	2620
1940209	2621
1972978	2622
2005747	2623
2022128	2624
1940204	2625
1972972	2626
2005740	2627
2022125	2628
1972969	2629
1940199	2630
1940198	2631
1940193	2632
1972962	2633
2022114	2634
1940192	2635
2005729	2636
2005785	2637
1989398	2638
1973015	2639
1973010	2640
2022163	2641
1940243	2642
2005776	2643
2022158	2644
1989391	2645
2005775	2646
2022159	2647
2022149	2648
1940225	2649
1972994	2650
2022146	2651
1989376	2652
1989377	2653
1940286	2654
1940281	2655
2005816	2656
2022198	2657
1989429	2658
2005813	2659
2005810	2660
2005808	2661
2005806	2662
1973034	2663
2005802	2664
1940261	2665
2005796	2666
1973029	2667
2022181	2668
2005794	2669
2022178	2670
2005795	2671
2022176	2672
2022236	2673
1940312	2674
2022229	2675
2022224	2676
2022223	2677
1956680	2678
2005827	2679
1989441	2680
2005825	2681
1940348	2682
2022271	2683
1940351	2684
1989500	2685
2005885	2686
1956728	2687
1973115	2688
2022267	2689
1940347	2690
1973112	2691
2022262	2692
1989492	2693
1940342	2694
2022261	2695
2005874	2696
2022258	2697
1973107	2698
2022259	2699
1973104	2700
1940335	2701
1940329	2702
1940331	2703
2022248	2704
1940322	2705
1973148	2706
1973149	2707
1973147	2708
1989526	2709
2005911	2710
1973132	2711
1989516	2712
1973131	2713
2022283	2714
1989508	2715
2005893	2716
2022277	2717
1973122	2718
2022275	2719
1973120	2720
2022273	2721
1973182	2722
2005948	2723
2005949	2724
1989560	2725
1973177	2726
1989561	2727
1973173	2728
2005935	2729
1973163	2730
2005931	2731
1973159	2732
1973155	2733
1973215	2734
1989593	2735
1989584	2736
1989585	2737
1989582	2738
1973196	2739
1989580	2740
2022348	2741
1989581	2742
1989577	2743
2022345	2744
2005956	2745
2022341	2746
1973186	2747
1973185	2748
2022398	2749
1973242	2750
1989626	2751
2022394	2752
2006011	2753
2006008	2754
1973238	2755
2022390	2756
1907703	2757
1989621	2758
2006005	2759
1907696	2760
2005998	2761
1907695	2762
1956847	2763
1989610	2764
2022379	2765
1907691	2766
1973224	2767
2022374	2768
2005988	2769
2005989	2770
1956835	2771
1973279	2772
2022431	2773
2006044	2774
2006045	2775
1989658	2776
2055195	2777
1973271	2778
2055190	2779
2006036	2780
1956880	2781
1973262	2782
1989646	2783
2006031	2784
2022412	2785
1989645	2786
1989642	2787
2006024	2788
2022408	2789
2022404	2790
1956870	2791
2022402	2792
1973248	2793
1973310	2794
2055229	2795
1973309	2796
2055227	2797
2022459	2798
1973304	2799
1973305	2800
2006073	2801
1989684	2802
1973301	2803
1989685	2804
1989682	2805
2006067	2806
2006064	2807
2022449	2808
1989679	2809
2055214	2810
1973292	2811
1989677	2812
2055212	2813
2055211	2814
1989675	2815
1973289	2816
1973287	2817
2055204	2818
2022434	2819
2055203	2820
2055201	2821
1973343	2822
1973338	2823
2006101	2824
2055252	2825
2006098	2826
2055240	2827
1973316	2828
1973317	2829
2055236	2830
2006082	2831
2055235	2832
2006142	2833
1973373	2834
2022525	2835
2022522	2836
1973368	2837
1973369	2838
2006137	2839
2006135	2840
1973364	2841
2022515	2842
2006128	2843
1973361	2844
1989745	2845
1973358	2846
2022509	2847
2006121	2848
2006118	2849
2006119	2850
2022500	2851
2022557	2852
2006170	2853
2022549	2854
1973386	2855
1973384	2856
1973383	2857
2022588	2858
1973437	2859
2006205	2860
2006201	2861
1973430	2862
2006199	2863
2022583	2864
1957042	2865
1973423	2866
1973421	2867
2022573	2868
1973418	2869
2022570	2870
1973419	2871
2022571	2872
1957035	2873
2006184	2874
1973415	2875
1957031	2876
1989795	2877
2006239	2878
1957081	2879
1989851	2880
1957077	2881
2006230	2882
2022614	2883
2022612	2884
2022613	2885
2006224	2886
1957070	2887
2006221	2888
1973450	2889
2006219	2890
1957066	2891
2006217	2892
2006215	2893
2022597	2894
1973442	2895
2022594	2896
1957056	2897
2022655	2898
2022653	2899
2006264	2900
2022649	2901
1989878	2902
1957108	2903
1973492	2904
1973493	2905
1989877	2906
1973490	2907
1989875	2908
1957107	2909
1973488	2910
2006256	2911
1973485	2912
1957097	2913
1989860	2914
2006244	2915
2006240	2916
2022687	2917
1989917	2918
2022685	2919
2022682	2920
2006294	2921
2006295	2922
1973525	2923
2006286	2924
2022670	2925
2006287	2926
1989900	2927
1957134	2928
1989899	2929
2022664	2930
1989894	2931
2022662	2932
1957124	2933
1957127	2934
1973566	2935
1989946	2936
2006329	2937
2022713	2938
1989942	2939
2022710	2940
1973556	2941
2006324	2942
2022707	2943
2006320	2944
1973550	2945
2006319	2946
2022699	2947
1973544	2948
1989929	2949
2022697	2950
2006310	2951
2022694	2952
2006311	2953
1973538	2954
2022690	2955
1989977	2956
1973591	2957
1973588	2958
1973589	2959
1973585	2960
2006350	2961
2022732	2962
1989963	2963
1989960	2964
1989961	2965
1973574	2966
2006342	2967
2006343	2968
1989955	2969
1989952	2970
1989953	2971
1973630	2972
1875325	2973
2022783	2974
1875320	2975
1973626	2976
1990008	2977
1990009	2978
1973620	2979
2006389	2980
2006386	2981
1990003	2982
1973614	2983
1973612	2984
2006380	2985
1989997	2986
2006381	2987
2006378	2988
1989993	2989
1989990	2990
1990043	2991
1973654	2992
2022802	2993
1973647	2994
2022797	2995
2022794	2996
1973636	2997
1973637	2998
2022847	2999
2022845	3000
1990074	3001
1990070	3002
1990069	3003
1957296	3004
2006448	3005
1990063	3006
1957295	3007
1990058	3008
1957290	3009
1957282	3010
2006433	3011
1973723	3012
1973718	3013
2055636	3014
2006480	3015
1957317	3016
1990137	3017
1990132	3018
1990128	3019
1957356	3020
1990127	3021
1973740	3022
1990125	3023
1957353	3024
1973739	3025
1973788	3026
2006556	3027
1957402	3028
1990167	3029
2022935	3030
1990165	3031
1973772	3032
2022917	3033
1957377	3034
1957437	3035
1990206	3036
1973823	3037
1990197	3038
2006578	3039
1973808	3040
1990185	3041
1957413	3042
1973796	3043
1990180	3044
1957409	3045
1990232	3046
1957466	3047
2006614	3048
1973845	3049
1990229	3050
2022997	3051
1973842	3052
1957459	3053
2006608	3054
1957455	3055
1973836	3056
1973826	3057
2006594	3058
1973827	3059
2006653	3060
1957499	3061
1973880	3062
2072185	3063
2023030	3064
1973877	3065
2072175	3066
1990253	3067
1957483	3068
2006633	3069
2072168	3070
2023015	3071
1973860	3072
1973858	3073
2006626	3074
1957472	3075
1973918	3076
1990303	3077
2023071	3078
1957534	3079
2023069	3080
1973914	3081
1957528	3082
1990296	3083
1990297	3084
1990295	3085
1957526	3086
1973904	3087
1973905	3088
1957517	3089
1973901	3090
1957513	3091
2023050	3092
2072202	3093
1957515	3094
1990280	3095
2072201	3096
2023049	3097
1990279	3098
2006660	3099
1990277	3100
2023045	3101
2072195	3102
1973888	3103
1957506	3104
2006719	3105
2006717	3106
2023101	3107
2072251	3108
1990331	3109
1990328	3110
2072248	3111
1973942	3112
1973943	3113
2072246	3114
2072245	3115
1973939	3116
2072242	3117
2006704	3118
1973937	3119
1990321	3120
2006705	3121
2072234	3122
2006694	3123
1957536	3124
2006691	3125
1973921	3126
1941215	3127
2006748	3128
2023132	3129
2006745	3130
1957589	3131
1990356	3132
2006740	3133
2023125	3134
1957586	3135
2023118	3136
1990351	3137
1957583	3138
1957582	3139
1990346	3140
2006731	3141
1957579	3142
1990344	3143
2023110	3144
2072263	3145
2023109	3146
1957629	3147
1974014	3148
1990396	3149
2072317	3150
1974011	3151
1957623	3152
2072307	3153
2006763	3154
2006759	3155
2072294	3156
1990372	3157
2072293	3158
2072290	3159
2072289	3160
2072350	3161
1957659	3162
2006808	3163
2072343	3164
1957649	3165
2072339	3166
1990416	3167
2006800	3168
1990414	3169
2006798	3170
1957644	3171
1974028	3172
1990413	3173
1957641	3174
1990410	3175
1974027	3176
1974022	3177
1990406	3178
2072327	3179
1974021	3180
1990402	3181
1957689	3182
1941300	3183
2023220	3184
2072368	3185
1990446	3186
1990444	3187
1957674	3188
1941285	3189
1974055	3190
1974052	3191
1990436	3192
1941281	3193
2006819	3194
1957667	3195
1941343	3196
1990493	3197
1957721	3198
2023259	3199
1990488	3200
2006872	3201
2006870	3202
1941329	3203
1957713	3204
2006866	3205
2006867	3206
1990480	3207
1974097	3208
1990481	3209
1957709	3210
1990479	3211
1990475	3212
1957703	3213
1990464	3214
1974142	3215
1974138	3216
1990522	3217
1974132	3218
2023284	3219
2023285	3220
1974128	3221
2006889	3222
2023268	3223
1990497	3224
1957789	3225
1974172	3226
1974170	3227
2006938	3228
1941400	3229
1974167	3230
1974164	3231
1990549	3232
1990547	3233
2006931	3234
2023315	3235
1990545	3236
1941388	3237
1957772	3238
1990543	3239
1957775	3240
1974156	3241
1957768	3242
2023307	3243
1941380	3244
1941382	3245
1990530	3246
2006914	3247
1941379	3248
1974206	3249
1974205	3250
1990589	3251
1957817	3252
1974202	3253
1941434	3254
2023353	3255
1990582	3256
1990580	3257
1941430	3258
2023346	3259
1957811	3260
1990576	3261
2023344	3262
1941420	3263
2023343	3264
1990573	3265
2023336	3266
1957802	3267
1990566	3268
1990567	3269
2006949	3270
2023330	3271
2023331	3272
2023391	3273
1974237	3274
1974232	3275
1974231	3276
1974226	3277
1990610	3278
2023371	3279
1974216	3280
1957828	3281
2023367	3282
1974210	3283
2023362	3284
1957827	3285
1941442	3286
1941503	3287
1941499	3288
1974264	3289
1941498	3290
1974265	3291
1974263	3292
1941495	3293
1974259	3294
2007027	3295
2072562	3296
2007025	3297
2072559	3298
2007021	3299
2023405	3300
2072556	3301
1957867	3302
1974248	3303
2023398	3304
2023399	3305
2007012	3306
1974245	3307
2023397	3308
2072547	3309
1974243	3310
1990627	3311
2072546	3312
2072545	3313
1990684	3314
1974301	3315
2007062	3316
2023446	3317
2007063	3318
2023447	3319
1941526	3320
2007059	3321
1974289	3322
1974284	3323
2023434	3324
2007051	3325
2072585	3326
2007046	3327
2007045	3328
2072580	3329
2007043	3330
2007040	3331
1990657	3332
1990718	3333
2007103	3334
2007098	3335
1974329	3336
1990709	3337
1990701	3338
1941545	3339
1974314	3340
2007083	3341
1941539	3342
1990689	3343
1974367	3344
1990751	3345
1990748	3346
2007132	3347
1974361	3348
2007129	3349
2023510	3350
1974356	3351
1990740	3352
1990738	3353
2007122	3354
2007116	3355
2023492	3356
1990720	3357
2007104	3358
1990782	3359
1941624	3360
1990774	3361
2007155	3362
2007152	3363
2007150	3364
1990763	3365
1974376	3366
2007142	3367
2007141	3368
2007138	3369
1974371	3370
2023580	3371
1990808	3372
1941653	3373
2023574	3374
1974423	3375
1990805	3376
2023573	3377
2023571	3378
1990800	3379
1941644	3380
2023567	3381
2007180	3382
1941641	3383
1974411	3384
2007176	3385
1974409	3386
1990793	3387
1974404	3388
2007172	3389
1974402	3390
2007170	3391
1974400	3392
1974401	3393
1990785	3394
2007227	3395
2023608	3396
2023607	3397
1974453	3398
2007221	3399
2007216	3400
1974446	3401
2007211	3402
1974439	3403
1941671	3404
2007204	3405
1974432	3406
1990879	3407
1974491	3408
2023640	3409
1974489	3410
1990873	3411
2023641	3412
2023639	3413
1990869	3414
1974482	3415
1990866	3416
2007250	3417
1990861	3418
1974466	3419
1941758	3420
1974518	3421
1974519	3422
1974514	3423
1974512	3424
1974508	3425
1990885	3426
1990882	3427
1974496	3428
2023649	3429
1990942	3430
1990943	3431
1990937	3432
1974548	3433
2023698	3434
1974538	3435
1974539	3436
1974536	3437
1974531	3438
1990971	3439
1974585	3440
2023730	3441
2023731	3442
1990958	3443
2007342	3444
1990956	3445
2023722	3446
2007336	3447
2023720	3448
2007332	3449
2007333	3450
1974562	3451
2007391	3452
1941855	3453
1974620	3454
2007388	3455
2007389	3456
1991001	3457
2007377	3458
1990990	3459
1990991	3460
1990988	3461
2007369	3462
2007421	3463
2023805	3464
2007418	3465
1974651	3466
1974649	3467
1941879	3468
1991028	3469
2023797	3470
1974642	3471
1991024	3472
2007408	3473
1991025	3474
1974636	3475
2007404	3476
2007405	3477
2072991	3478
2007455	3479
2023839	3480
2007452	3481
2023836	3482
1941918	3483
1991067	3484
2023832	3485
1991063	3486
2007447	3487
1991061	3488
1991055	3489
1941903	3490
1974668	3491
2007435	3492
2023816	3493
1974663	3494
1991043	3495
1974656	3496
1941949	3497
1941951	3498
2007482	3499
2023866	3500
2023867	3501
1991096	3502
2023863	3503
2023860	3504
2073012	3505
1941936	3506
2073007	3507
1974703	3508
1991085	3509
2073002	3510
1974696	3511
2007464	3512
1941930	3513
2007465	3514
1991079	3515
1991077	3516
1941921	3517
2072995	3518
1991075	3519
1974689	3520
1991073	3521
2072992	3522
1974750	3523
1941980	3524
1991130	3525
1991129	3526
1974740	3527
2007508	3528
2023892	3529
2023893	3530
1941969	3531
2023890	3532
1991117	3533
2023882	3534
1991112	3535
2007494	3536
2073030	3537
1941959	3538
2007490	3539
1942013	3540
1974783	3541
2023931	3542
2073081	3543
1942004	3544
1974775	3545
1991156	3546
2073076	3547
2073070	3548
1941998	3549
1941994	3550
2023910	3551
1974754	3552
1991137	3553
2023905	3554
1974814	3555
1991198	3556
2007580	3557
1974809	3558
1991190	3559
2023955	3560
1974797	3561
1974795	3562
1942026	3563
1958404	3564
2023936	3565
1974785	3566
1925695	3567
1991228	3568
2023997	3569
1925690	3570
1925677	3571
1942061	3572
2023982	3573
1991212	3574
1991210	3575
1942059	3576
2007592	3577
2023977	3578
1942053	3579
2007590	3580
1925670	3581
1925664	3582
2023971	3583
2023969	3584
2007646	3585
2007642	3586
1925723	3587
1925722	3588
1925719	3589
2007637	3590
1991250	3591
1925712	3592
1991251	3593
2007635	3594
1991246	3595
1925708	3596
2007628	3597
1925704	3598
2007624	3599
2007625	3600
1942085	3601
1991239	3602
1991236	3603
2007620	3604
2024002	3605
1942083	3606
2007616	3607
2024000	3608
1925756	3609
1991295	3610
2024063	3611
2007676	3612
2073213	3613
1974909	3614
2007674	3615
2024059	3616
2073210	3617
2007670	3618
2024054	3619
1925748	3620
2007671	3621
1925745	3622
2007667	3623
2024051	3624
1991280	3625
1974895	3626
1925743	3627
1925742	3628
1974893	3629
1991277	3630
2007657	3631
1974886	3632
2007655	3633
1991268	3634
1991266	3635
1991267	3636
1991265	3637
2007649	3638
2024033	3639
1974942	3640
2007711	3641
2024092	3642
2024084	3643
2007695	3644
1991309	3645
2007693	3646
1925769	3647
2007686	3648
2024068	3649
1925821	3650
2007740	3651
2007736	3652
1991353	3653
2024117	3654
1925809	3655
2024113	3656
1991342	3657
2024107	3658
2024104	3659
2024101	3660
2024098	3661
2007715	3662
2007766	3663
1974996	3664
1991380	3665
1991381	3666
1958608	3667
1958611	3668
1925842	3669
1958610	3670
1991377	3671
2024145	3672
1974990	3673
1925836	3674
1974991	3675
2024141	3676
2007753	3677
1974980	3678
1925830	3679
2007749	3680
1974978	3681
1925824	3682
2024131	3683
2007744	3684
1991361	3685
1975037	3686
1975033	3687
1975030	3688
1925876	3689
1975026	3690
2073325	3691
2024173	3692
1975018	3693
1975016	3694
2007784	3695
1975015	3696
2007783	3697
2007781	3698
1975010	3699
2007778	3700
2024160	3701
2024161	3702
2024222	3703
1958687	3704
2007830	3705
2007828	3706
1958678	3707
2007829	3708
1958675	3709
2007824	3710
2024203	3711
2007812	3712
2007810	3713
1975043	3714
1975101	3715
1991481	3716
1925941	3717
1925940	3718
1991479	3719
1925943	3720
1925942	3721
1991477	3722
2007861	3723
2024245	3724
2024240	3725
2024241	3726
1925932	3727
1925935	3728
1991469	3729
1958697	3730
1991466	3731
2007851	3732
2024230	3733
1991461	3734
1925921	3735
1991458	3736
1975075	3737
1991459	3738
1925981	3739
2073439	3740
1925980	3741
1925983	3742
2024285	3743
1925979	3744
1958747	3745
1925978	3746
1958746	3747
2073432	3748
1958741	3749
1925975	3750
1925974	3751
1991509	3752
1991507	3753
1975121	3754
1991503	3755
2007885	3756
2007880	3757
2024262	3758
1958727	3759
2024260	3760
2007877	3761
1975106	3762
2024258	3763
1991488	3764
1975105	3765
1991551	3766
1991549	3767
2024317	3768
1991546	3769
1975163	3770
2073463	3771
1991540	3772
2024308	3773
1926001	3774
2007922	3775
2007923	3776
1975150	3777
1975151	3778
2024303	3779
2007916	3780
1958766	3781
2073452	3782
1958761	3783
2073450	3784
1975143	3785
1925990	3786
1975139	3787
1925986	3788
1991581	3789
2024349	3790
2007962	3791
2073499	3792
1991574	3793
1926033	3794
2007954	3795
2024338	3796
2007955	3797
2073489	3798
2073487	3799
2073485	3800
1926025	3801
2024328	3802
1958788	3803
2007943	3804
1926023	3805
1991556	3806
1926022	3807
1991557	3808
1991554	3809
2024322	3810
1991555	3811
1926019	3812
2024321	3813
1975228	3814
1975223	3815
1958839	3816
1975221	3817
1991605	3818
1991602	3819
1975219	3820
2073520	3821
1958825	3822
2024362	3823
1958824	3824
2024363	3825
1958827	3826
2024358	3827
2007975	3828
2024359	3829
1958823	3830
1926049	3831
2007971	3832
2024355	3833
2007968	3834
2007969	3835
2008026	3836
2008027	3837
2024411	3838
2008018	3839
2024402	3840
2008016	3841
1991625	3842
2008004	3843
2008000	3844
2008062	3845
1991671	3846
2008048	3847
2073585	3848
2024431	3849
2073582	3850
2024429	3851
1991658	3852
2024426	3853
2008038	3854
2008036	3855
2008037	3856
2024421	3857
2008032	3858
2008094	3859
2008087	3860
2008082	3861
2008081	3862
2008075	3863
2024452	3864
2008066	3865
2008126	3866
2008125	3867
2024498	3868
1958962	3869
1958956	3870
2024490	3871
2008107	3872
2073640	3873
2008100	3874
1958950	3875
2008101	3876
1959006	3877
2024538	3878
2024539	3879
2008152	3880
2008148	3881
2024529	3882
2024526	3883
2024527	3884
1991754	3885
2073673	3886
1958983	3887
2073667	3888
1991747	3889
2008129	3890
2008191	3891
2008183	3892
1991797	3893
1991792	3894
2024551	3895
1991780	3896
2024546	3897
1959010	3898
1991839	3899
1991837	3900
1991835	3901
1991832	3902
1991830	3903
2008214	3904
1991828	3905
2008213	3906
1991824	3907
2008208	3908
1991825	3909
2008209	3910
1991823	3911
2024584	3912
1991817	3913
1991815	3914
1991810	3915
1991861	3916
1991853	3917
2073772	3918
1991848	3919
1991842	3920
1991840	3921
1991899	3922
1991888	3923
2008272	3924
1991887	3925
1991884	3926
2024648	3927
2008265	3928
2024649	3929
2024646	3930
2008263	3931
2008256	3932
2024640	3933
2008257	3934
2024701	3935
2024694	3936
2073844	3937
2008306	3938
1991923	3939
2024688	3940
2073838	3941
2024685	3942
2008295	3943
2008290	3944
1991907	3945
2024673	3946
2008350	3947
2024735	3948
1991961	3949
2008342	3950
2008340	3951
1991954	3952
2008339	3953
1991952	3954
2024720	3955
1991953	3956
2008325	3957
2008320	3958
2008382	3959
2024766	3960
2073918	3961
2024765	3962
2024757	3963
2008370	3964
2024750	3965
2008364	3966
2024749	3967
2024746	3968
2008359	3969
2008357	3970
2024738	3971
2008353	3972
2024796	3973
2024788	3974
2073939	3975
2008391	3976
2073926	3977
2008388	3978
2008389	3979
2008386	3980
2073923	3981
2008387	3982
2008384	3983
2024831	3984
1959289	3985
2024822	3986
2008436	3987
2008437	3988
1992094	3989
1992087	3990
2024853	3991
2024850	3992
2024851	3993
2024846	3994
2024847	3995
1959301	3996
1959302	3997
1959297	3998
2008450	3999
1959299	4000
2024832	4001
1959298	4002
2024895	4003
1992125	4004
1992119	4005
2074038	4006
2074036	4007
2024881	4008
2024879	4009
2074030	4010
1992108	4011
2008490	4012
2074027	4013
2074024	4014
2008480	4015
2074078	4016
1992157	4017
1992154	4018
1992155	4019
2024923	4020
2024921	4021
2074071	4022
2074069	4023
1992147	4024
2024910	4025
2074054	4026
1992128	4027
2074049	4028
2074048	4029
2008575	4030
1959417	4031
1992187	4032
2008571	4033
2024951	4034
2008565	4035
2024949	4036
2024943	4037
2008607	4038
1992220	4039
1959448	4040
2008598	4041
1992211	4042
1959432	4043
2008582	4044
2008579	4045
1992254	4046
2008636	4047
2008637	4048
2008634	4049
1959480	4050
1959477	4051
1959476	4052
1959473	4053
1992240	4054
1959474	4055
2008625	4056
1959469	4057
1992231	4058
1992227	4059
2008608	4060
2025048	4061
2008660	4062
2008654	4063
1992269	4064
2008648	4065
2008647	4066
1959489	4067
1959488	4068
1992256	4069
1959490	4070
1992257	4071
1959549	4072
1959550	4073
2008697	4074
2025078	4075
2008692	4076
1992309	4077
2008693	4078
1992306	4079
2008690	4080
1992307	4081
2025075	4082
2008688	4083
1959533	4084
2008686	4085
2025070	4086
2025066	4087
1992295	4088
1959527	4089
2008677	4090
2025061	4091
1992290	4092
2008672	4093
1943138	4094
1992342	4095
2008727	4096
2025106	4097
2025102	4098
1943177	4099
1992322	4100
1992321	4101
2025150	4102
2057917	4103
1959614	4104
2074300	4105
2025146	4106
1992376	4107
2057913	4108
1992377	4109
1959605	4110
1959607	4111
1959601	4112
2008755	4113
2025133	4114
1926825	4115
2025130	4116
1992361	4117
1959589	4118
1992359	4119
1926823	4120
2008741	4121
2025183	4122
1992412	4123
2008796	4124
1992413	4125
2008795	4126
1992402	4127
2008787	4128
1959629	4129
2025162	4130
1992390	4131
1992391	4132
2008773	4133
2008770	4134
2025152	4135
2008769	4136
2025210	4137
2008822	4138
1992437	4139
2025205	4140
2025202	4141
1992435	4142
2025200	4143
1992430	4144
2025184	4145
1992478	4146
2008862	4147
2025247	4148
1992474	4149
2025238	4150
2025239	4151
1992467	4152
2025235	4153
1992462	4154
2025230	4155
1992459	4156
1992451	4157
1992449	4158
1992510	4159
2025278	4160
1992506	4161
2008890	4162
2008891	4163
2025275	4164
2008889	4165
1992501	4166
2025267	4167
1992492	4168
1992486	4169
2025254	4170
2008866	4171
2008865	4172
1992542	4173
2008926	4174
1992541	4175
2025306	4176
2008923	4177
1992536	4178
2008920	4179
1992534	4180
2025302	4181
2025300	4182
1992526	4183
1992525	4184
1992523	4185
2008907	4186
2025291	4187
1992519	4188
1992516	4189
2008900	4190
2008899	4191
2025280	4192
1992513	4193
2025343	4194
2025340	4195
2008957	4196
1992570	4197
2025339	4198
1992568	4199
2025336	4200
1959797	4201
2025334	4202
2008946	4203
2025331	4204
1959794	4205
2008941	4206
1992555	4207
2008939	4208
1992553	4209
2008937	4210
1992551	4211
1992547	4212
2008928	4213
2025370	4214
1992601	4215
1992596	4216
2025360	4217
1992590	4218
2008975	4219
1992586	4220
2008968	4221
2025352	4222
2008964	4223
1992638	4224
2025400	4225
1992633	4226
2025401	4227
2009014	4228
1992629	4229
1992624	4230
2025388	4231
1992621	4232
1992619	4233
1992616	4234
2025384	4235
1992617	4236
2025378	4237
2025379	4238
2008993	4239
1992669	4240
1992666	4241
2009048	4242
1992662	4243
2025426	4244
1992656	4245
2025421	4246
2025416	4247
1992646	4248
2025414	4249
1992644	4250
2025412	4251
2025411	4252
1992703	4253
2025471	4254
2025466	4255
1992696	4256
2025463	4257
1992692	4258
1992693	4259
2009072	4260
2009070	4261
1992683	4262
2025451	4263
1992680	4264
2009062	4265
1992679	4266
2009063	4267
2025444	4268
1992675	4269
2025440	4270
1992734	4271
2025502	4272
1992730	4273
2025490	4274
2025486	4275
1992717	4276
1992712	4277
1992713	4278
2025478	4279
2009093	4280
1992705	4281
2009150	4282
1992762	4283
1992763	4284
2009145	4285
1992754	4286
2009138	4287
1992750	4288
2009133	4289
1992743	4290
1992739	4291
2009123	4292
1992737	4293
2009177	4294
1992790	4295
2009174	4296
2009172	4297
2009173	4298
2009168	4299
1992774	4300
2009156	4301
2009155	4302
1992769	4303
2025598	4304
1960060	4305
2025599	4306
1960057	4307
1992827	4308
2009211	4309
2025595	4310
2009208	4311
2009209	4312
1992822	4313
1960052	4314
1992821	4315
1960051	4316
2025584	4317
2009197	4318
2009194	4319
2009189	4320
2009187	4321
2009184	4322
1992847	4323
2025615	4324
2025610	4325
2025609	4326
1960069	4327
2025607	4328
2025605	4329
1960067	4330
2025601	4331
2025652	4332
2025644	4333
2025642	4334
2025693	4335
2025679	4336
2025673	4337
2025671	4338
2025667	4339
2025724	4340
1992953	4341
1992942	4342
1992941	4343
1992938	4344
2025706	4345
2025707	4346
2074899	4347
2025729	4348
2025782	4349
2025781	4350
2025768	4351
2025766	4352
1992996	4353
2025764	4354
1992994	4355
2025762	4356
2009439	4357
2009436	4358
1993051	4359
2009431	4360
2025799	4361
2025850	4362
2025847	4363
2009460	4364
2009455	4365
2009453	4366
2009450	4367
1993067	4368
2009443	4369
2009440	4370
2025882	4371
2025881	4372
1993109	4373
2025877	4374
2025874	4375
2009486	4376
1993101	4377
2009482	4378
2009483	4379
2009481	4380
2025859	4381
1993088	4382
2075008	4383
1993150	4384
1993144	4385
1993139	4386
1943981	4387
1943983	4388
1993133	4389
2009517	4390
2075045	4391
2025891	4392
2009566	4393
2009567	4394
2009562	4395
2025947	4396
2009560	4397
2025942	4398
2009556	4399
2009557	4400
2025935	4401
2025933	4402
1993159	4403
1993155	4404
2009536	4405
1993210	4406
2025974	4407
1993202	4408
2025966	4409
2009577	4410
2025957	4411
2009570	4412
2009569	4413
2025953	4414
2026014	4415
1993245	4416
1993242	4417
1993229	4418
1993219	4419
1993217	4420
2026046	4421
2026047	4422
1993276	4423
1993266	4424
2026033	4425
1993259	4426
1993248	4427
1993311	4428
1993306	4429
1993304	4430
1993295	4431
1993292	4432
1993293	4433
1993286	4434
2026052	4435
2026051	4436
1993281	4437
1976957	4438
1976950	4439
1976941	4440
1960554	4441
2026082	4442
2026083	4443
2026081	4444
1911455	4445
1911449	4446
1960601	4447
1993370	4448
1993371	4449
1911450	4450
1960597	4451
1960593	4452
1976976	4453
1960594	4454
1976977	4455
1993356	4456
1976968	4457
1993351	4458
1976964	4459
1960576	4460
1977022	4461
1993407	4462
1911481	4463
1960633	4464
1911482	4465
1993397	4466
1977011	4467
1960627	4468
1977007	4469
1911471	4470
1993383	4471
1960614	4472
1976997	4473
1960608	4474
1993426	4475
1911506	4476
1911500	4477
1960652	4478
1911499	4479
1960644	4480
1993410	4481
1960643	4482
1977024	4483
1911544	4484
1993465	4485
1993461	4486
1911536	4487
1960688	4488
1960691	4489
1960690	4490
1960687	4491
1960683	4492
1911524	4493
1960673	4494
1993442	4495
1993443	4496
1960733	4497
2075422	4498
1960729	4499
1993499	4500
1993496	4501
1960730	4502
1993494	4503
1993491	4504
1911571	4505
1911562	4506
1960708	4507
1960711	4508
1960710	4509
1911554	4510
1960765	4511
1927999	4512
1960761	4513
1960763	4514
1993529	4515
1911605	4516
1960757	4517
1993526	4518
1960759	4519
1993521	4520
1993519	4521
1993517	4522
1911593	4523
1960741	4524
1993511	4525
1960736	4526
1911645	4527
1928028	4528
1960796	4529
1993562	4530
1911643	4531
1911642	4532
1911637	4533
1993554	4534
2075475	4535
1960787	4536
1928012	4537
1960780	4538
1960778	4539
1960774	4540
1911676	4541
1960831	4542
1993596	4543
2026365	4544
1960825	4545
2026363	4546
1911675	4547
1960827	4548
1960826	4549
1993593	4550
1960821	4551
1960823	4552
1960818	4553
2075500	4554
1960808	4555
1993579	4556
1911659	4557
1993574	4558
1960804	4559
2026340	4560
1993573	4561
1960801	4562
1944477	4563
1911708	4564
1911705	4565
1944475	4566
2075544	4567
2075543	4568
1960852	4569
2075542	4570
2075541	4571
2010001	4572
1993614	4573
2026382	4574
1911692	4575
2026383	4576
1911695	4577
2009996	4578
2009997	4579
2009995	4580
1960843	4581
1911685	4582
1911687	4583
2026372	4584
1960838	4585
1993605	4586
1960833	4587
1960835	4588
1944507	4589
1944506	4590
1960890	4591
1944500	4592
2026418	4593
1944491	4594
1960869	4595
1911718	4596
1911714	4597
2026453	4598
1960907	4599
1944517	4600
1944519	4601
1960902	4602
2026432	4603
1960898	4604
1960956	4605
1944575	4606
1960953	4607
1944570	4608
2026481	4609
1944552	4610
1960933	4611
1944545	4612
1944544	4613
2026467	4614
1960989	4615
1960987	4616
2026521	4617
1960981	4618
2075669	4619
1960982	4620
1960977	4621
2075662	4622
1960975	4623
1960968	4624
2075657	4625
2026505	4626
2075655	4627
1961020	4628
2075710	4629
1944639	4630
1961023	4631
2075708	4632
1961017	4633
2075706	4634
1961018	4635
1961014	4636
2026544	4637
1961005	4638
2026542	4639
1961004	4640
1960996	4641
1960999	4642
2075684	4643
1960993	4644
2026531	4645
2075681	4646
1944671	4647
1961049	4648
2026587	4649
1961051	4650
2026584	4651
1961045	4652
1944660	4653
1961040	4654
2075727	4655
1961036	4656
2026570	4657
2075722	4658
2026569	4659
2075720	4660
1944645	4661
2026565	4662
2075716	4663
1944641	4664
1961027	4665
1961026	4666
2075774	4667
1944703	4668
1961087	4669
1944702	4670
1961081	4671
1961083	4672
2026616	4673
1961077	4674
2026615	4675
1944689	4676
2075763	4677
2026608	4678
1944687	4679
2026605	4680
1944681	4681
2026602	4682
1961061	4683
1944679	4684
1961063	4685
1944673	4686
1961057	4687
2026593	4688
2075803	4689
2075801	4690
1961114	4691
2026643	4692
2075793	4693
2026636	4694
1944713	4695
1961096	4696
2026635	4697
1961099	4698
2075785	4699
1961092	4700
1944711	4701
1944710	4702
1961089	4703
2026626	4704
1944704	4705
1993918	4706
1961150	4707
1993917	4708
1993914	4709
2026680	4710
1944756	4711
2026664	4712
2026665	4713
1961122	4714
1961181	4715
1944776	4716
1944772	4717
1961156	4718
1944775	4719
2075843	4720
1961155	4721
1993920	4722
1993921	4723
2026751	4724
2075901	4725
2075900	4726
1944824	4727
1961211	4728
1993970	4729
1961200	4730
1961203	4731
1993968	4732
1961197	4733
2026726	4734
1961191	4735
2026778	4736
1994008	4737
1994006	4738
1994000	4739
1993998	4740
1993992	4741
1944832	4742
1993984	4743
1944834	4744
1994038	4745
1994039	4746
1961271	4747
1961265	4748
1961259	4749
1994024	4750
1994017	4751
1961309	4752
1961300	4753
2026836	4754
1961297	4755
1961293	4756
2026831	4757
1994058	4758
1961288	4759
1994059	4760
1994050	4761
1961280	4762
1994048	4763
1994049	4764
1961341	4765
1961336	4766
2076026	4767
1961333	4768
2076023	4769
2076022	4770
2076019	4771
1961324	4772
2026863	4773
1994091	4774
1961322	4775
1994087	4776
2026852	4777
1961368	4778
1944979	4779
1944978	4780
1961348	4781
2076035	4782
2076033	4783
1961346	4784
2076095	4785
1994169	4786
2076085	4787
1945009	4788
2026930	4789
1994163	4790
1994154	4791
1994152	4792
2026921	4793
1961381	4794
1961377	4795
1961437	4796
1961432	4797
1961423	4798
1961422	4799
2076107	4800
2076106	4801
2076105	4802
1945030	4803
2076099	4804
1961460	4805
2026993	4806
1961449	4807
1961445	4808
1945060	4809
1961441	4810
1961499	4811
1945109	4812
1994263	4813
1945098	4814
1961475	4815
2076212	4816
2076208	4817
1945133	4818
1945132	4819
1945129	4820
1994282	4821
1945131	4822
2076199	4823
1961566	4824
1961563	4825
1961562	4826
1961559	4827
2027092	4828
2076243	4829
1961554	4830
2076237	4831
2076236	4832
2076230	4833
2076228	4834
2027074	4835
2076227	4836
2027072	4837
2076224	4838
1961596	4839
1961599	4840
1961598	4841
1961584	4842
1994350	4843
1961580	4844
1961583	4845
1961577	4846
1994347	4847
1961579	4848
1994345	4849
1994394	4850
1994392	4851
1994387	4852
1994382	4853
1961608	4854
1961604	4855
1961601	4856
1994371	4857
1961660	4858
1961662	4859
2076343	4860
2076340	4861
2076336	4862
2076333	4863
1961646	4864
2076331	4865
1961640	4866
1961636	4867
2076326	4868
1961635	4869
1961693	4870
1994459	4871
1961690	4872
1994454	4873
1994451	4874
1961682	4875
1961678	4876
1961669	4877
1961666	4878
1994488	4879
1961722	4880
1994484	4881
1961718	4882
1961705	4883
1994474	4884
1961707	4885
1994469	4886
1961697	4887
1961699	4888
1961757	4889
1994524	4890
1961753	4891
1994522	4892
1994520	4893
1961751	4894
1961782	4895
1961760	4896
1961821	4897
2076508	4898
2076499	4899
2076496	4900
1961804	4901
1994568	4902
1961792	4903
2076543	4904
2076534	4905
2076533	4906
1994611	4907
1994602	4908
2076517	4909
2076514	4910
2076568	4911
2011030	4912
1994643	4913
1994640	4914
2076559	4915
2076554	4916
1994632	4917
2076549	4918
2076547	4919
1994625	4920
1994682	4921
2076601	4922
1994681	4923
1994678	4924
1994677	4925
2076593	4926
2076585	4927
2076584	4928
2076579	4929
1994716	4930
2076636	4931
1961945	4932
2076634	4933
2011094	4934
1994711	4935
2076624	4936
1994702	4937
1994703	4938
2076622	4939
2027468	4940
1994698	4941
1994699	4942
1994697	4943
1994695	4944
1994693	4945
2011075	4946
2076610	4947
2076609	4948
2027519	4949
1994748	4950
1994749	4951
2011133	4952
2076666	4953
1994742	4954
2076659	4955
2076657	4956
1945581	4957
1961964	4958
1945578	4959
1994725	4960
2011109	4961
2076644	4962
1994722	4963
2011106	4964
1962015	4965
1994780	4966
1962008	4967
1962000	4968
2011155	4969
2011150	4970
2027532	4971
2027533	4972
1945609	4973
1945608	4974
2011140	4975
2027524	4976
1994755	4977
2027521	4978
1994813	4979
1945657	4980
1994810	4981
1945659	4982
1994808	4983
1945653	4984
1994803	4985
1994800	4986
1945644	4987
1994796	4988
1962021	4989
1994846	4990
2027614	4991
1962076	4992
2027615	4993
1962078	4994
1945687	4995
1962064	4996
2027603	4997
1962061	4998
1962053	4999
1912956	5000
1994875	5001
1962106	5002
1912951	5003
1962088	5004
2027625	5005
1994853	5006
1962142	5007
1945744	5008
1962128	5009
2011283	5010
1945743	5011
1945738	5012
1962122	5013
2011270	5014
1945732	5015
2011268	5016
2011269	5017
1962113	5018
1912960	5019
1962175	5020
2011325	5021
1994936	5022
1962165	5023
1962161	5024
1945776	5025
1962148	5026
1994914	5027
1945760	5028
2027739	5029
2027736	5030
1994966	5031
1962196	5032
2027735	5033
1962192	5034
2011345	5035
2027729	5036
2011342	5037
2011340	5038
2011336	5039
2076871	5040
1994949	5041
2011330	5042
2076867	5043
2011331	5044
1962238	5045
1994996	5046
1962230	5047
1994994	5048
2027752	5049
1962218	5050
1994980	5051
2027749	5052
1962209	5053
1962265	5054
1962266	5055
1995029	5056
1995024	5057
1962254	5058
1995014	5059
1995010	5060
1995009	5061
1945917	5062
1945916	5063
1995071	5064
1995069	5065
1896761	5066
1945908	5067
2076977	5068
1962287	5069
1896751	5070
2076970	5071
1995047	5072
1962278	5073
1962273	5074
1945948	5075
1945950	5076
1962334	5077
1962328	5078
1995096	5079
1962325	5080
1962324	5081
2011479	5082
1962326	5083
2011477	5084
1995090	5085
1962320	5086
1995091	5087
1945929	5088
1995082	5089
1995080	5090
1962308	5091
1962305	5092
1995074	5093
1962304	5094
1945923	5095
1995072	5096
1945982	5097
1945977	5098
1962361	5099
2011514	5100
1962360	5101
1995131	5102
2077050	5103
1945979	5104
2011512	5105
1945972	5106
1995127	5107
2011511	5108
1995124	5109
2011509	5110
1962352	5111
1962354	5112
2011502	5113
1962348	5114
1945956	5115
1945959	5116
1962337	5117
1962339	5118
1946012	5119
2011551	5120
2077086	5121
2027930	5122
1946011	5123
2011541	5124
1946001	5125
1946003	5126
1962386	5127
2011534	5128
2027918	5129
1962383	5130
2011532	5131
2027917	5132
1962377	5133
1945989	5134
1962373	5135
1962372	5136
1962369	5137
2077058	5138
1995136	5139
1946045	5140
1946044	5141
1946040	5142
2011576	5143
1946037	5144
1946036	5145
1946039	5146
2011572	5147
2011565	5148
2011559	5149
2011557	5150
2011554	5151
1946019	5152
2077089	5153
1946018	5154
2027998	5155
2027999	5156
2011611	5157
1946069	5158
2027991	5159
1995221	5160
1946064	5161
2027982	5162
1946060	5163
2027980	5164
1946049	5165
2028030	5166
1896958	5167
1946110	5168
1896952	5169
1946107	5170
1896948	5171
2028022	5172
1946102	5173
1896944	5174
1946081	5175
2028063	5176
1896987	5177
1946138	5178
2011673	5179
2028055	5180
2011668	5181
2011666	5182
2028050	5183
2028051	5184
1946130	5185
2011662	5186
1896970	5187
1896971	5188
2011654	5189
1896960	5190
1995266	5191
1897022	5192
1946169	5193
1995321	5194
1946164	5195
1946167	5196
1897008	5197
1946160	5198
1897010	5199
2028080	5200
1897004	5201
1946147	5202
1995354	5203
1995348	5204
1995347	5205
1995345	5206
1897036	5207
2011726	5208
1897033	5209
1897034	5210
1897028	5211
1946181	5212
1995332	5213
2028101	5214
1946177	5215
2011715	5216
2011712	5217
2028158	5218
1897087	5219
1995364	5220
1897117	5221
2011807	5222
2028191	5223
2011804	5224
2011803	5225
2011800	5226
2011791	5227
1897099	5228
2011778	5229
2011837	5230
1995444	5231
2011822	5232
2011820	5233
1995437	5234
2011818	5235
1995432	5236
2011814	5237
2011813	5238
2011870	5239
1995483	5240
2011864	5241
1946325	5242
2011862	5243
1946321	5244
1995474	5245
2011846	5246
1995463	5247
2011847	5248
1995460	5249
1995461	5250
1995458	5251
1995516	5252
1995517	5253
1995513	5254
1946356	5255
1946353	5256
2011888	5257
2011889	5258
1946351	5259
1946397	5260
1946399	5261
2011932	5262
1946398	5263
1995549	5264
1995542	5265
1946388	5266
1946391	5267
1946384	5268
2011920	5269
1946386	5270
2011919	5271
2028300	5272
1995530	5273
2028299	5274
1995528	5275
2011912	5276
2028296	5277
2028297	5278
1946372	5279
2028295	5280
1946368	5281
2044735	5282
2044734	5283
2044732	5284
1995571	5285
2028335	5286
1995562	5287
2011946	5288
1995560	5289
1995561	5290
2011945	5291
2028329	5292
1995558	5293
2011998	5294
2044761	5295
1946447	5296
2011980	5297
1946441	5298
2011977	5299
2044739	5300
2044738	5301
2044737	5302
2028415	5303
2044797	5304
2012029	5305
2044795	5306
2044790	5307
2044788	5308
2012019	5309
2044786	5310
2028400	5311
2028401	5312
2028398	5313
2028396	5314
2028394	5315
2028395	5316
2044777	5317
2012058	5318
2012054	5319
1946516	5320
2012045	5321
2012043	5322
2012040	5323
2028425	5324
2012036	5325
2028420	5326
2044805	5327
2044803	5328
2012095	5329
2028473	5330
2012086	5331
2028469	5332
2028456	5333
2028510	5334
2012127	5335
2044892	5336
2028506	5337
2044890	5338
2044888	5339
2012118	5340
2028502	5341
2044887	5342
2028491	5343
2028482	5344
2028541	5345
2012154	5346
2012153	5347
2044920	5348
2012150	5349
2028535	5350
2044915	5351
2028524	5352
2044909	5353
2028525	5354
2028523	5355
2028516	5356
2028514	5357
2044897	5358
2028574	5359
2028568	5360
2044945	5361
2028557	5362
2012170	5363
2044937	5364
2012215	5365
2012206	5366
2012200	5367
2028584	5368
2012197	5369
2028578	5370
2012195	5371
2012254	5372
2012255	5373
2012235	5374
2012284	5375
2012282	5376
2028664	5377
1995897	5378
1995892	5379
2012277	5380
2028661	5381
2012275	5382
2028656	5383
2012273	5384
2012269	5385
2028651	5386
2012265	5387
1995933	5388
2012313	5389
2012310	5390
2028694	5391
1995924	5392
2028692	5393
1995923	5394
1995920	5395
1995918	5396
2028687	5397
2028680	5398
1995962	5399
2028731	5400
2012321	5401
2028760	5402
2028746	5403
1995979	5404
2028740	5405
2045178	5406
2045177	5407
2012403	5408
2045169	5409
2012398	5410
2012399	5411
2012397	5412
2045164	5413
2012394	5414
1996005	5415
2045205	5416
2012418	5417
1996086	5418
1996084	5419
2012468	5420
1996085	5421
1996079	5422
2028844	5423
1996077	5424
2012457	5425
2028894	5426
2028892	5427
2045277	5428
2028889	5429
2028878	5430
2028879	5431
1996108	5432
1996105	5433
1996152	5434
1996151	5435
1996148	5436
1996145	5437
1996143	5438
1996136	5439
2045341	5440
2045336	5441
2078104	5442
1996180	5443
2078101	5444
1996178	5445
2045329	5446
1996177	5447
2045325	5448
1996170	5449
1996171	5450
2045322	5451
2028936	5452
1996169	5453
1996166	5454
2061698	5455
2028928	5456
2061697	5457
2045312	5458
2028989	5459
2028980	5460
1996210	5461
2028979	5462
2028975	5463
2028966	5464
2045344	5465
2045407	5466
2029021	5467
2029016	5468
1996249	5469
2012633	5470
1996246	5471
1996245	5472
2029013	5473
2012627	5474
2012622	5475
2045388	5476
1996234	5477
2028999	5478
2029055	5479
2029051	5480
2012664	5481
2029047	5482
2061808	5483
1996269	5484
2061803	5485
2045417	5486
2045415	5487
2045414	5488
1996261	5489
2045411	5490
1996259	5491
1996256	5492
2012641	5493
2061854	5494
1996316	5495
2012700	5496
2045466	5497
1996312	5498
2045465	5499
1996313	5500
2045464	5501
2045459	5502
2012691	5503
2045458	5504
1996302	5505
1996303	5506
2012684	5507
2012685	5508
2045450	5509
2061834	5510
2012680	5511
2012679	5512
2045442	5513
2012672	5514
2012735	5515
1996345	5516
1996342	5517
2012724	5518
1996337	5519
2012721	5520
1996334	5521
2045487	5522
2045486	5523
2061870	5524
1996332	5525
2045484	5526
2012714	5527
1996331	5528
2012713	5529
2029097	5530
2029092	5531
2045476	5532
2012706	5533
2029150	5534
2029151	5535
2029149	5536
2012755	5537
2012748	5538
1996363	5539
2029129	5540
2012742	5541
2061893	5542
1996355	5543
1996352	5544
2012799	5545
2012796	5546
2061949	5547
2029178	5548
2012792	5549
1996400	5550
2029167	5551
2012778	5552
2012779	5553
2012776	5554
1996393	5555
1996388	5556
1996386	5557
1996385	5558
2029212	5559
1996445	5560
2012826	5561
1996441	5562
2012825	5563
2012822	5564
2045591	5565
2012820	5566
1996432	5567
2045585	5568
2012817	5569
2045583	5570
1996428	5571
2012812	5572
2045576	5573
2061959	5574
2045572	5575
2061955	5576
2012803	5577
2062015	5578
1996472	5579
2078393	5580
2012857	5581
2078391	5582
2078390	5583
2012853	5584
2012848	5585
2029231	5586
2012841	5587
1996454	5588
2029218	5589
2012891	5590
2078426	5591
2012888	5592
1996505	5593
2012882	5594
2012881	5595
2078414	5596
2012877	5597
2078410	5598
1996486	5599
2012871	5600
2012864	5601
2078462	5602
2012922	5603
2078459	5604
2012920	5605
2078444	5606
2012959	5607
2029341	5608
2012954	5609
2012952	5610
2078485	5611
2078484	5612
2012946	5613
2078482	5614
2078480	5615
2012942	5616
2012938	5617
2012939	5618
2029318	5619
2078471	5620
2078470	5621
2029314	5622
2078467	5623
2029315	5624
2012929	5625
2012988	5626
2012980	5627
2012979	5628
1996591	5629
2012972	5630
2012970	5631
1947432	5632
2012969	5633
1947431	5634
2012964	5635
2012965	5636
2012962	5637
1996579	5638
2013023	5639
2078556	5640
2078555	5641
2078552	5642
2078550	5643
2078549	5644
2029397	5645
2078547	5646
2029392	5647
2078543	5648
2012996	5649
2078530	5650
2012993	5651
2078591	5652
1996671	5653
2078590	5654
1996669	5655
2078586	5656
2078583	5657
1947502	5658
2029421	5659
2029418	5660
2029419	5661
2013032	5662
2029417	5663
2078568	5664
2078566	5665
2013029	5666
2078562	5667
1996702	5668
1996697	5669
1947540	5670
2029463	5671
1996693	5672
1947536	5673
1947538	5674
1947533	5675
2029454	5676
1947534	5677
1996683	5678
2029445	5679
2029502	5680
2078649	5681
2029497	5682
2013107	5683
1996720	5684
2029489	5685
2029481	5686
2029475	5687
1996764	5688
2029533	5689
1947608	5690
1996761	5691
2078680	5692
2029526	5693
1996759	5694
2029527	5695
2078678	5696
1996756	5697
1996754	5698
2029520	5699
2078673	5700
1996738	5701
2029564	5702
1996797	5703
1996787	5704
2078698	5705
1996830	5706
2029594	5707
1996827	5708
2029595	5709
1898512	5710
1947667	5711
1947662	5712
1898504	5713
1996811	5714
2013193	5715
1996807	5716
2013191	5717
1947655	5718
1996804	5719
1947649	5720
1947648	5721
2029568	5722
1996854	5723
2029622	5724
2029620	5725
1947702	5726
2029621	5727
2046000	5728
2013230	5729
2013228	5730
1996842	5731
2029610	5732
2045993	5733
1898532	5734
2045990	5735
1996836	5736
2013220	5737
1996837	5738
2029605	5739
1996835	5740
1898531	5741
1947732	5742
1996864	5743
1947772	5744
2046077	5745
1947770	5746
2046072	5747
1996918	5748
2046071	5749
2046070	5750
2046069	5751
2046066	5752
2046065	5753
1947755	5754
1947746	5755
1947805	5756
1898653	5757
1996956	5758
1947803	5759
1947797	5760
1996950	5761
1996948	5762
1996949	5763
1947795	5764
1947791	5765
1996932	5766
1947779	5767
1947837	5768
2029747	5769
2029741	5770
1996971	5771
2029734	5772
1898661	5773
1996964	5774
2046175	5775
2029791	5776
1997013	5777
1947857	5778
1997008	5779
1997009	5780
1996999	5781
1996997	5782
2029765	5783
2029762	5784
2046147	5785
1997055	5786
2046204	5787
2029819	5788
2029815	5789
2046197	5790
1997045	5791
2029810	5792
1997043	5793
2046191	5794
2046181	5795
2046177	5796
2046222	5797
2046216	5798
2046213	5799
2029879	5800
2029876	5801
2029869	5802
2046251	5803
2029863	5804
2046246	5805
2029861	5806
2046244	5807
2046241	5808
2062687	5809
2062683	5810
2062682	5811
2062674	5812
2062668	5813
2062667	5814
2029897	5815
2029893	5816
2029889	5817
2046329	5818
2046327	5819
2046326	5820
2062705	5821
2029935	5822
2062697	5823
2062694	5824
2062690	5825
2029981	5826
2029978	5827
2029979	5828
2029973	5829
2029970	5830
2029971	5831
2029966	5832
2029956	5833
2046340	5834
2029954	5835
2029996	5836
2030028	5837
2030024	5838
2030020	5839
1948153	5840
1948149	5841
1948148	5842
1948146	5843
2030062	5844
1948140	5845
1948143	5846
2030060	5847
2030053	5848
1948129	5849
1948184	5850
1948183	5851
1948182	5852
2030097	5853
2030094	5854
1948168	5855
1948171	5856
1948170	5857
2030084	5858
1948163	5859
2030128	5860
1948204	5861
2030122	5862
1948203	5863
1948197	5864
1948196	5865
2030154	5866
2062973	5867
2030202	5868
2062971	5869
2062962	5870
2062961	5871
2062958	5872
2062956	5873
2062953	5874
2030183	5875
2062947	5876
2030221	5877
2062988	5878
2030211	5879
2030208	5880
2030299	5881
2030280	5882
2030327	5883
2030321	5884
2030315	5885
2030430	5886
2030429	5887
2030410	5888
2030409	5889
2030433	5890
2030482	5891
2046866	5892
2030469	5893
2046852	5894
2030464	5895
2030523	5896
2030514	5897
2030552	5898
2030544	5899
2030538	5900
2030534	5901
2030591	5902
2030587	5903
2030582	5904
2030578	5905
2030577	5906
2030563	5907
2030561	5908
2030621	5909
2030619	5910
2030617	5911
2046993	5912
2030605	5913
2030597	5914
2030595	5915
2030593	5916
2063423	5917
2030630	5918
2030624	5919
2030625	5920
2030684	5921
2030683	5922
2047066	5923
2047061	5924
2030670	5925
2047054	5926
2063436	5927
2063435	5928
2063432	5929
2063429	5930
1948794	5931
2047089	5932
2063471	5933
2063470	5934
2047076	5935
2063460	5936
2047075	5937
2047132	5938
2030745	5939
2047123	5940
2030782	5941
2047165	5942
2030776	5943
1948888	5944
2030800	5945
2030801	5946
2030797	5947
2030794	5948
1948867	5949
1948866	5950
1948921	5951
1948920	5952
1948914	5953
2047211	5954
2030822	5955
2063588	5956
2030876	5957
2047261	5958
2047260	5959
2030874	5960
2047257	5961
1948948	5962
1948944	5963
2030864	5964
2047236	5965
2047233	5966
1948930	5967
1948989	5968
1948988	5969
2063676	5970
1948987	5971
1948986	5972
1948981	5973
2030902	5974
1948983	5975
2030900	5976
2030898	5977
1948965	5978
2030886	5979
1998174	5980
2063708	5981
2030934	5982
2030925	5983
2030971	5984
2030963	5985
2030955	5986
1998184	5987
2030953	5988
2030948	5989
2031007	5990
2031000	5991
2030978	5992
2031039	5993
2047415	5994
2047412	5995
2047411	5996
2047408	5997
2031017	5998
2031015	5999
2047397	6000
2047396	6001
2031070	6002
2047452	6003
2031067	6004
2047445	6005
2014717	6006
2014710	6007
2014708	6008
2047475	6009
2047472	6010
2047466	6011
2047461	6012
2047458	6013
2047457	6014
2014749	6015
2047512	6016
2014742	6017
2047510	6018
2047508	6019
2014737	6020
2047503	6021
2014725	6022
2047492	6023
2047488	6024
1932857	6025
1932856	6026
2014777	6027
2047543	6028
1932854	6029
2014773	6030
2047534	6031
2014756	6032
2047522	6033
2014815	6034
2014799	6035
2014789	6036
1932866	6037
2047613	6038
2014841	6039
2014839	6040
2014834	6041
2014833	6042
2047598	6043
2047597	6044
2047595	6045
2047592	6046
2014822	6047
2047590	6048
2014819	6049
2014876	6050
2014872	6051
2014871	6052
2047632	6053
2031240	6054
2047624	6055
2014854	6056
2031236	6057
2014850	6058
2047679	6059
2014911	6060
2014909	6061
2014904	6062
2014900	6063
2031284	6064
2031282	6065
2031283	6066
2047666	6067
2014891	6068
2014881	6069
2064093	6070
2031325	6071
2031322	6072
2031318	6073
2031316	6074
2064083	6075
2064079	6076
2064078	6077
2064076	6078
2047689	6079
2014915	6080
2014912	6081
2031296	6082
1949437	6083
2064126	6084
1949438	6085
2064124	6086
2064119	6087
2014961	6088
2031342	6089
2047727	6090
2047724	6091
2014952	6092
2014950	6093
2031329	6094
1949465	6095
2015000	6096
2015001	6097
1949461	6098
2014998	6099
1949460	6100
2014999	6101
2031383	6102
1949459	6103
2014992	6104
2031377	6105
2047758	6106
2064142	6107
1949454	6108
2031373	6109
2064138	6110
2014984	6111
2064136	6112
1949444	6113
1949447	6114
2064133	6115
1949496	6116
1949499	6117
1949486	6118
2015012	6119
2047780	6120
2015010	6121
2015011	6122
2015009	6123
2031454	6124
2031455	6125
2031453	6126
2031451	6127
2031449	6128
1949527	6129
2031440	6130
2015057	6131
2031441	6132
2015048	6133
2031428	6134
2031427	6135
2031424	6136
1933122	6137
1949506	6138
2031487	6139
2015100	6140
1949560	6141
2031483	6142
2031480	6143
2031474	6144
2031475	6145
1949554	6146
1949551	6147
1949550	6148
1949543	6149
1949537	6150
2031459	6151
2031457	6152
2047902	6153
1949593	6154
2031510	6155
2047892	6156
2064276	6157
2031507	6158
1949587	6159
2047888	6160
2031502	6161
2031503	6162
2015115	6163
2015112	6164
2031497	6165
2015107	6166
1949631	6167
2047931	6168
2064313	6169
2031538	6170
2031536	6171
2047921	6172
2064305	6173
2064303	6174
2031530	6175
2047911	6176
2047905	6177
2015197	6178
2015193	6179
1949653	6180
2031574	6181
2031575	6182
1949648	6183
2015182	6184
2031563	6185
1949643	6186
1949642	6187
2031561	6188
2047944	6189
2031558	6190
2031555	6191
1949695	6192
1949688	6193
2015224	6194
2047993	6195
2015225	6196
2047992	6197
2047991	6198
2047989	6199
1949686	6200
2015216	6201
1949679	6202
2031592	6203
2015204	6204
